%time,field.header.seq,field.header.stamp,field.header.frame_id,field.image_seq,field.transforms0.fiducial_id,field.transforms0.transform.translation.x,field.transforms0.transform.translation.y,field.transforms0.transform.translation.z,field.transforms0.transform.rotation.x,field.transforms0.transform.rotation.y,field.transforms0.transform.rotation.z,field.transforms0.transform.rotation.w,field.transforms0.image_error,field.transforms0.object_error,field.transforms0.fiducial_area
1678315396417655546,177,1677825034896349191,camera_1,180,0,0.11691514412087899,-0.3367395861084258,2.6400553944395,0.7038727592947067,0.7062128272688961,0.03490520058178181,0.06788378522205238,0.003396115789655596,0.0006215551872633809,10659.328924388861
1678315396424751073,178,1677825034903126478,camera_1,181,0,0.11694220781474586,-0.33664946294516773,2.6392886364525454,0.7038681379459806,0.7061183077799704,0.034351459976479225,0.06918494778413307,0.003169419476762414,0.0005799047906137551,10662.761355633262
1678315396431570520,179,1677825034910499572,camera_1,182,0,0.11696287862705201,-0.33668695898240675,2.6396234459373575,0.7040540005899686,0.7062455480088639,0.03474185184032232,0.0657129660084319,0.00415496074128896,0.0007598384181122079,10668.52353097382
1678315396438507090,180,1677825034917077779,camera_1,183,0,0.11703686720326384,-0.33684979610049937,2.641134574004778,0.7040571378057943,0.7062420144181006,0.033617512057240624,0.0662995223094224,0.003503789252135903,0.0006415233708542401,10656.257913698675
1678315396444978731,181,1677825034923938274,camera_1,184,0,0.11691439055124028,-0.3366254714556009,2.639393485335924,0.7038659805582852,0.7062918942802313,0.03471273547347626,0.06722698478077767,0.002200111746788025,0.0004024083123385196,10666.618690301546
1678315396452053305,182,1677825034930506706,camera_1,185,0,0.11694793926277652,-0.33679157762306206,2.6407387789509533,0.7040743772511442,0.7062439657046781,0.03335927655324171,0.06622605885893722,0.004086848173756152,0.000748014180802899,10659.96107619151
1678315396457080363,183,1677825034936291694,camera_1,186,0,0.11687431313427413,-0.3366649349067677,2.6396655455318876,0.7038729619391038,0.7063514196752618,0.03461466068462676,0.06657590134202923,0.0030875058146193624,0.0005647185754789325,10666.213265242288
1678315396464357615,184,1677825034943076372,camera_1,187,0,0.1169811003352232,-0.336881976631431,2.6415719879180544,0.7041550587241161,0.7064218383754394,0.028520007855883156,0.06573012012313348,0.008080620900727808,0.001479638961502846,10659.711719778012
1678315396473991359,185,1677825034950578927,camera_1,188,0,0.1169106235405185,-0.3366824099110131,2.639901826197041,0.7039401257699003,0.706411965130101,0.033748392315733323,0.06566186768733659,0.007275325478985906,0.0013306361147557499,10667.670033357805
1678315396478428403,186,1677825034957170009,camera_1,189,0,0.11692815402277164,-0.33668612847901597,2.6399442099944666,0.7039089286626279,0.706295615419116,0.03318654019423786,0.06750835014055567,0.004974343697540462,0.000910218094193955,10663.307652567048
1678315396484693386,187,1677825034963759183,camera_1,190,0,0.11686948796052768,-0.3365375097922417,2.6384372757213748,0.7038218792967393,0.7062510734593533,0.0364623316793068,0.06719138210533718,0.005382216942962259,0.0009836135573508575,10672.16040625644
1678315396490925962,188,1677825034969747304,camera_1,191,0,0.11689214045647606,-0.3366004864813613,2.6390296170354093,0.7039136157174544,0.7061587966157352,0.03688836905492381,0.06696733381481473,0.0031644537230022256,0.0005785849548917037,10667.401825492965
1678315396497842627,189,1677825034976616382,camera_1,192,0,0.1169227895744736,-0.3366811953123932,2.639808842237501,0.7039449695317473,0.7063285679732151,0.032517428337286096,0.06711222534072414,0.005204763438086957,0.0009522077151750347,10666.18104686088
1678315396505254043,190,1677825034983732461,camera_1,193,0,0.11698011830364675,-0.33683624587092414,2.64090930559919,0.7039161145462088,0.706297496037236,0.03570867075164804,0.06611234080600925,0.0026865600957535207,0.0004917745596664329,10655.954070650045
1678315396510887038,191,1677825034989924907,camera_1,194,0,0.11691450863121124,-0.336702703479629,2.63995223091231,0.7040255919215828,0.7061558260780401,0.0350352800828635,0.06681649770095144,0.0024534271215088665,0.0004488584061578276,10662.755437282263
1678315396517873055,192,1677825034996572017,camera_1,195,0,0.11697034222477683,-0.33687861163662725,2.6414579888882277,0.7041196636135596,0.7062841863287407,0.03349215026371464,0.06524127010864478,0.003772341297008097,0.0006906749088932787,10656.475874980566
1678315396524368791,193,1677825035003214836,camera_1,196,0,0.11693687990348946,-0.33675857955747057,2.640653473486635,0.7040830065934026,0.7062846915755324,0.03258680651258936,0.06608444835027914,0.003414947830606252,0.0006250112351122513,10661.928222855204
1678315396531180904,194,1677825035009919881,camera_1,197,0,0.11691202070282723,-0.33666052267662705,2.6395464492751852,0.7038079180997334,0.7062478082824676,0.03562295595260814,0.0678192651503119,0.0038665124448016286,0.000707351443443837,10662.701150066912
1678315396537308580,195,1677825035016564369,camera_1,198,0,0.11697046873081307,-0.3367623721025089,2.6404641026271505,0.703960241926209,0.7061303874774985,0.035110210412625464,0.06772833079924931,0.003550402063410729,0.0006499811164095579,10656.199778720036
1678315396546315644,196,1677825035023276329,camera_1,199,0,0.11692309831136351,-0.3366101687302388,2.6391116824716545,0.7039058252777501,0.7062293541366396,0.03465610938544439,0.0674955004282401,0.007626964128576217,0.0013946209947079042,10668.246959297452
1678315396550516837,197,1677825035029927730,camera_1,200,0,0.1169191250885744,-0.3366567941766948,2.639376678901909,0.7039028159935147,0.7060375010072321,0.03675151104460031,0.0684192899977915,0.003252432041335851,0.0005950331883153871,10661.016982762376
1678315396558535936,198,1677825035037101984,camera_1,201,0,0.1169035666796367,-0.33664337112757986,2.63951790660714,0.7037827034214377,0.7062939822501103,0.03543293194376006,0.06769951503491446,0.0034753383370116353,0.0006357491301344851,10663.496594786524
1678315396564786182,199,1677825035043729066,camera_1,202,0,0.11689931933021161,-0.33663359126448483,2.6393616569171807,0.7040170303820056,0.7060883573504811,0.03376418173826974,0.06825857145990283,0.0029610662604682148,0.0005416771778181801,10665.352040034139
1678315396571634264,200,1677825035049594640,camera_1,203,0,0.11688313218108701,-0.3366243111406725,2.6394094395577707,0.7039254194968165,0.7062557995393937,0.03205014137499419,0.06829742192092977,0.003952760132960975,0.0007231115557135955,10666.877319742227
1678315396577807825,201,1677825035056460380,camera_1,204,0,0.11692507443585813,-0.33673403867825763,2.640343235278376,0.704040480485138,0.7061752866837269,0.03466603180079127,0.06664632438926192,0.005218663194682449,0.0009549795803262243,10660.516861925953
1678315396584782108,202,1677825035063745260,camera_1,205,0,0.11695512407546793,-0.3368035737650877,2.6407267815994953,0.7041015020043273,0.7062086722093615,0.03356809615501552,0.06620852733650451,0.0037740725674666464,0.0006908107171448229,10659.843842025966
1678315396592423020,203,1677825035070535659,camera_1,206,0,0.11688145954873852,-0.33660709529921234,2.6392599048523184,0.7040109822791529,0.7060272313496716,0.034580206958827055,0.06854410776824148,0.004111080546863377,0.0007520493309871516,10664.451538035879
1678315396599561150,204,1677825035077146768,camera_1,207,0,0.11693082971420957,-0.3367802256827448,2.640385716649254,0.7040912431590464,0.7061331319278625,0.033237128983697795,0.06728160638256006,0.004101029073353857,0.0007506233152721337,10660.238627300012
1678315396605358270,205,1677825035083746671,camera_1,208,0,0.11690392690466787,-0.33665968253952666,2.639820329170997,0.7039113418572274,0.7059857405271173,0.035659004744624474,0.06943624671422353,0.002578220854047686,0.0004719682785564244,10656.242155512797
1678315396610195641,206,1677825035089646100,camera_1,209,0,0.11692891071821326,-0.3367762545087435,2.640545254755025,0.7039537492543053,0.7062021827746439,0.032658805613474874,0.06827150482475483,0.004452223074622452,0.000815143519281387,10657.086439613366
1678315396621047196,207,1677825035096402168,camera_1,210,0,0.1169085778579411,-0.3367199068526714,2.6400333847116078,0.703882991192553,0.7062639008411344,0.03487705626114281,0.06725792165273625,0.0017004915280267596,0.00031116778150664634,10661.168261038838
1678315396624944023,208,1677825035103788137,camera_1,211,0,0.11691844397685766,-0.33669427611110214,2.6398333297909726,0.7039368682467276,0.7063246299502286,0.03496718623501942,0.06599771613826873,0.004336079640779644,0.0007930446258617404,10665.862996301847
1678315396632248583,209,1677825035110538482,camera_1,212,0,0.11690698192314851,-0.3365806636632475,2.638812650003981,0.7038704339262432,0.7062244840604308,0.0352162784592861,0.06762546923710382,0.0033973765675909817,0.0006211867657971013,10669.620777102886
1678315396638357471,210,1677825035117165327,camera_1,213,0,0.11696490892546761,-0.3366703021687319,2.639415251632383,0.7039924386288596,0.7062558547212029,0.0323554680711989,0.06745693227021424,0.0034345315070822835,0.000628178446151038,10668.598498041974
1678315396646392145,211,1677825035123746395,camera_1,214,0,0.11700136748066678,-0.33681521617696597,2.6406091350937464,0.704041938066714,0.7063006643985865,0.03416403758383601,0.06555257012010192,0.005954951862804592,0.0010896907604552905,10661.682295838142
1678315396652901849,212,1677825035130510568,camera_1,215,0,0.11690182068818444,-0.336692185554281,2.640114719254726,0.7038696132658071,0.7062585914710465,0.03299394957951614,0.06839421602387803,0.005704368639271706,0.0010441194073620072,10659.882167506497
1678315396658493148,213,1677825035137161731,camera_1,216,0,0.11688207037075277,-0.3367092301577131,2.6401947444587504,0.7039576638226658,0.7062506929773184,0.03386211877395304,0.06713362143167366,0.005211102426983416,0.0009536404817215087,10661.470117542658
1678315396663561482,214,1677825035142889976,camera_1,217,0,0.11690668691023073,-0.33673599487854333,2.6404379098099193,0.7040081649590982,0.7063812697120373,0.03397253273433913,0.06514501124834812,0.002621783991344273,0.00047964939015462683,10664.375282886667
1678315396671907994,215,1677825035149996757,camera_1,218,0,0.11693713931717661,-0.33669568300101926,2.639969683626064,0.7037795892075337,0.7062923672302481,0.03705184086229654,0.06687707302119797,0.005085676850285381,0.000930427854084687,10659.853800123436
1678315396678818373,216,1677825035157121181,camera_1,219,0,0.11694280870178655,-0.33670973945651045,2.6399992273289654,0.7040324700637574,0.7060637964302449,0.036132165973023295,0.06713168438622896,0.006827477889601141,0.0012493318874477071,10660.17400442611
1678315396683835024,217,1677825035162902355,camera_1,220,0,0.11692632989251947,-0.33664334132945456,2.639217410692551,0.7038548645492726,0.7062098943343876,0.035795403893927415,0.0676358178379538,0.0025765469763427973,0.00047121834442073306,10665.574575707202
1678315396691700824,218,1677825035169990301,camera_1,221,0,0.11694372142302165,-0.33666465716170224,2.639422363830127,0.7039249978506261,0.7062102364928733,0.03477670597012786,0.06743352278758234,0.0034865786437876523,0.0006377105764444591,10665.733421031618
1678315396699603917,219,1677825035177170276,camera_1,222,0,0.11694040954189662,-0.3367123359890024,2.6399744828535705,0.703890195198601,0.7062330624615791,0.032753475759249355,0.06856139157793686,0.005472525139339268,0.0010016198194538663,10660.806441303339
1678315396703590629,220,1677825035182896375,camera_1,223,0,0.11693738853952163,-0.33679802330360015,2.6407396562281082,0.7040238798281498,0.7063156607090358,0.03394741680554869,0.06569731319549836,0.004253904975485057,0.0007785192419573333,10660.577710372629
1678315396710217805,221,1677825035189406871,camera_1,224,0,0.11689140644966421,-0.3366789882556557,2.6397573968317025,0.7039113059247678,0.7061747443720027,0.03727202535366695,0.06661005876337461,0.004426198138389736,0.0008095973356677104,10661.94527874747
1678315396721334964,222,1677825035197112321,camera_1,225,0,0.11694381405126303,-0.33678895502972694,2.640837910826524,0.7041027561648342,0.7063320924463425,0.031907382886799326,0.06569781471838083,0.0029265411430969834,0.0005356313381506102,10662.17096034263
1678315396724965838,223,1677825035203797817,camera_1,226,0,0.11692636375517781,-0.33669070792132505,2.6398810848241743,0.7040054778170427,0.7062941555591555,0.033331145616984,0.0664370962522916,0.004667988221626729,0.0008538698764275813,10666.365691981511
1678315396731737374,224,1677825035210479021,camera_1,227,0,0.11696053933558821,-0.33666925055116925,2.6393908782751967,0.7039022249662817,0.7061660624825524,0.03394760329640482,0.06854713791133772,0.00328591390280053,0.0006011892221240252,10664.100378496461
1678315396739111635,225,1677825035217265844,camera_1,228,0,0.11701553045797033,-0.33680793115139723,2.640658250301712,0.703923492146852,0.7062441026439317,0.034674153508566924,0.06714676286250133,0.0022656777291558683,0.0004147824395110423,10656.643964499235
1678315396744107823,226,1677825035223191499,camera_1,229,0,0.11697912262643234,-0.33674143231459536,2.6400297512407587,0.704175553294259,0.7061393061957545,0.03397507805701517,0.06595274413640859,0.00278171815443784,0.000508851440057103,10665.57621858548
1678315396750992571,227,1677825035229886770,camera_1,230,0,0.11686701680183614,-0.3365453643311136,2.638662219495919,0.7038444644738683,0.7061207103648067,0.03714515109532094,0.06794667006925352,0.0039930533384904265,0.0007300458467685279,10667.511602616873
1678315396759088844,228,1677825035236518383,camera_1,231,0,0.11687479626922052,-0.33666677448875476,2.639858123953719,0.7039840854305344,0.7061655810409424,0.03428946382080837,0.06753378624454387,0.0026076166541315615,0.0004771259187110022,10662.633018477587
1678315396764613097,229,1677825035243291378,camera_1,232,0,0.11687268952654639,-0.33668756984649456,2.639895316574964,0.703908476231704,0.7061202156141245,0.03643502109596248,0.06767264903903016,0.0028944219811819494,0.0005296498689004099,10659.244240322263
1678315396770880454,230,1677825035249891042,camera_1,233,0,0.11682424559475574,-0.33652993928144465,2.638580930229945,0.7037920741303386,0.7059525854465291,0.038170751449744335,0.06964665983691426,0.005911086744163185,0.001081040265563256,10662.302223189039
1678315396777875131,231,1677825035256554603,camera_1,234,0,0.11695703426490694,-0.33676850874970526,2.640260502884039,0.7038690899672265,0.7063024832339095,0.03429088114798566,0.06729964217152885,0.0031984401284717023,0.0005853721544425263,10659.927965403076
1678315396784477234,232,1677825035263068437,camera_1,235,0,0.11685804464832579,-0.33652767744996176,2.6386574950129122,0.7039770911563823,0.7059876029852595,0.03584086769262511,0.06865268939499827,0.0033984823967330158,0.0006214463974418388,10667.439664804026
1678315396791977068,233,1677825035269887208,camera_1,236,0,0.11687787722561428,-0.33657111227726666,2.6388006428792856,0.7038263222218729,0.7061292030323241,0.03578287194620764,0.06877239888100903,0.0011569199268706143,0.00021158566481702945,10666.014355747726
1678315396799144251,234,1677825035277042627,camera_1,237,0,0.11695990945082493,-0.33678199852358986,2.64050479272786,0.7038555524584256,0.7062837455261224,0.03489563683498318,0.0673270124758052,0.002957414137199521,0.0005413617650242887,10657.161007894782
1678315396805485430,235,1677825035283699512,camera_1,238,0,0.11701445133585216,-0.3368715802937634,2.6412944822284876,0.7042615680586232,0.7061951982885835,0.0321280186029796,0.0653588256504384,0.003394783940166235,0.0006214772253109235,10659.050188281108
1678315396811866487,236,1677825035290376901,camera_1,239,0,0.11694879067541365,-0.3368254389230868,2.64101973875726,0.7042984907655768,0.7060810458900645,0.032820819663901685,0.06584820678433945,0.0030763757531531155,0.0005631356858389484,10659.276188180893
1678315396819324906,237,1677825035297504425,camera_1,240,0,0.1169002674670622,-0.3366814088583817,2.6397995709351116,0.7038335972405645,0.7061800174017306,0.03678551759952463,0.06763783048585724,0.005357570247724652,0.0009803203883368278,10659.634287575493
1678315396825268622,238,1677825035303963899,camera_1,241,0,0.11689219557713192,-0.33667489191476074,2.6397758058320564,0.7038266248352301,0.706240052468481,0.03469104057282319,0.06818799136461245,0.00660499488003552,0.0012086179538944824,10661.089778879073
1678315396831943848,239,1677825035309730768,camera_1,242,0,0.11693681128723943,-0.3367110556130921,2.639983849354708,0.7041182459389475,0.7061842553654598,0.03573579155130667,0.06514788110132423,0.0037251199246384203,0.000681260373507377,10665.792699413496
1678315396838139967,240,1677825035316989421,camera_1,243,0,0.11702183476175994,-0.3368860486710416,2.641269623645256,0.7041384421952263,0.7061610887246416,0.03368859393331666,0.06626197727886732,0.002443752659019083,0.00044746210415919557,10655.162094258587
1678315396845233818,241,1677825035323693037,camera_1,244,0,0.11693278646763476,-0.3366780512621577,2.6393536334243337,0.7039286375864673,0.7061043155812436,0.036998199742251964,0.0673223730942115,0.003030322666745633,0.0005542113508500722,10663.687072675908
1678315396851594552,242,1677825035330392837,camera_1,245,0,0.11699374682843561,-0.3367823805847468,2.6404244674232236,0.7038090125717659,0.7063822809541269,0.033551955833632185,0.06746268032430232,0.007738468644674867,0.0014164424014425315,10659.079561139455
1678315396857436370,243,1677825035336114168,camera_1,246,0,0.11688576804966756,-0.33662956946645645,2.639498247502576,0.7039592956003194,0.7063586478774104,0.033662645991207475,0.06607266432927654,0.005542508792132139,0.0010134781581807297,10669.999839709373
1678315396865458752,244,1677825035343665838,camera_1,247,0,0.1168645523005528,-0.33664248223121085,2.639519033951996,0.703924605059074,0.7060589431324156,0.03488220915696147,0.06895034952408322,0.004961714614182711,0.0009079691401215027,10660.928535807177
1678315396871593970,245,1677825035350376844,camera_1,248,0,0.11690778313852225,-0.3367395087901593,2.6402847673573047,0.7040158180849214,0.7062118882991933,0.032814105258536536,0.06745169536185598,0.0030777899082750078,0.0005633241744276131,10661.13932249357
1678315396877874457,246,1677825035357006788,camera_1,249,0,0.11689669938478187,-0.33671967420074533,2.6401388810808855,0.7039681045046796,0.7061771120278986,0.03432824379975559,0.06756009151599687,0.0031645121634937823,0.0005791608067837136,10660.238269468071
1678315396884166328,247,1677825035363012313,camera_1,250,0,0.11688078112811129,-0.33658193836250677,2.639109500079573,0.7038978750316419,0.7062321791223161,0.033257211240260855,0.06824843293882009,0.0070223689544945955,0.0012843615299768646,10668.040597206687
1678315396891270166,248,1677825035369699478,camera_1,251,0,0.11692282280711892,-0.3366605490927408,2.6395855767147776,0.70403173646758,0.7060570466812998,0.03422452295272738,0.06820148757016437,0.003259588615037501,0.0005963991687142571,10663.139088599593
1678315396898468079,249,1677825035377024412,camera_1,252,0,0.11704256837761244,-0.33692816953776017,2.641632283694592,0.7040949605279487,0.7063049020267375,0.03502017454232408,0.06447681216664208,0.004764882731251419,0.0008723631777632382,10655.052629461507
1678315396905101820,250,1677825035383746147,camera_1,253,0,0.11697559033320719,-0.33677220940273483,2.6403717265588997,0.7040544565182959,0.7061212568429408,0.03481288853023691,0.0669936988339488,0.005925067875068634,0.0010843811642686609,10659.178845447019
1678315396911963870,251,1677825035390368700,camera_1,254,0,0.11689810075447397,-0.3366988095775579,2.6398247655813587,0.703970722491521,0.7062215666149372,0.0354719608717569,0.06646849415040465,0.004469730833079666,0.0008175441600077032,10664.104571399392
1678315396919109682,252,1677825035397015571,camera_1,255,0,0.11691542032180653,-0.3367133561476341,2.6403023851442295,0.7039697751858804,0.7062107731525271,0.03566558200956149,0.06648959142580255,0.0031303431605920196,0.0005728067592133831,10660.001101324222
1678315396923920373,253,1677825035402904510,camera_1,256,0,0.11688787592795832,-0.3366433908364779,2.6397116128925613,0.7038447540728129,0.7062650112321238,0.03352129063721102,0.06832729430824143,0.004018646781332791,0.0007353165228375464,10662.678675393692
1678315396931264603,254,1677825035409975528,camera_1,257,0,0.11692674947095982,-0.336649038150971,2.639642831916568,0.704120872366702,0.7061157925463314,0.03276592023003521,0.0673845611820684,0.005161268752999604,0.0009441551761691862,10666.539086652101
1678315396938449526,255,1677825035417053222,camera_1,258,0,0.11691369810915138,-0.33656187424279693,2.638707898577151,0.7037731476290926,0.7062199289643508,0.03626248308077309,0.06813076346734503,0.0035996236256323755,0.0006581596613204711,10667.812625797347
1678315396945088784,256,1677825035423679590,camera_1,259,0,0.1169054295100238,-0.3365724671669092,2.6386144216030036,0.7038779169100928,0.7060429310309915,0.036848868119420446,0.06856689103198896,0.004256104642990977,0.0007782166217650448,10666.63275023131
1678315396951682366,257,1677825035430486440,camera_1,260,0,0.11701394573165265,-0.3368561294489447,2.6410747103603325,0.7040983573829034,0.7063340966999461,0.03341884563141776,0.06496789766055244,0.0033941580913960934,0.0006212051753520624,10660.284941323573
1678315396958402849,258,1677825035437006950,camera_1,261,0,0.116897665826775,-0.33666921549007345,2.639771426316919,0.7038841198721744,0.70623558039605,0.03389855887325532,0.06803924221172247,0.003733278950676322,0.0006831301005624529,10662.481329245958
1678315396963860474,259,1677825035443045377,camera_1,262,0,0.11687408280893827,-0.33676651020369475,2.640559771689418,0.704036796114329,0.7064251318628175,0.035183332502822795,0.06370130221327844,0.0024595543509349227,0.00044985104192981734,10665.41748386878
1678315396970743616,260,1677825035449673652,camera_1,263,0,0.11689009769203225,-0.3367290259031439,2.6404446235662107,0.7039420699800975,0.7065590473441414,0.031148108077405198,0.06534271261183788,0.005789381102658809,0.0010592073124888076,10667.084654459151
1678315396978619053,261,1677825035457026004,camera_1,264,0,0.11694526618208187,-0.3368132449479502,2.6409767949440544,0.7038797443757145,0.7064095146709284,0.03219618027242966,0.06709924750567335,0.004994509858079255,0.000914489715586437,10657.184923656632
1678315396984916441,262,1677825035463811874,camera_1,265,0,0.11686153196103478,-0.3365369338398093,2.6386747104224675,0.7036775007547091,0.7061098486511218,0.035675605318804635,0.070527354655007,0.003981645742896944,0.0007284012720217713,10662.504995052004
1678315396992141383,263,1677825035470443964,camera_1,266,0,0.11701027473297736,-0.33679578777919417,2.640485367144474,0.7039542382198575,0.7062458014638681,0.0350191329733685,0.06662551112563776,0.004825667187105864,0.0008831528345539339,10658.924992395796
1678315396996794653,264,1677825035476294517,camera_1,267,0,0.11694303814116469,-0.3366941221285331,2.639525681261433,0.7038387671237601,0.7061503550140058,0.03695711532314398,0.06779998255376554,0.007709439087193459,0.0014103047046893028,10661.134929535916
1678315397004785048,265,1677825035483033418,camera_1,268,0,0.1169582646494189,-0.3367391186233321,2.6399846296542404,0.703849843196668,0.7062157338273723,0.037400143512327434,0.06675301335482142,0.0029197119874879718,0.0005341624413729889,10659.532815195736
1678315397011590527,266,1677825035490359306,camera_1,269,0,0.11693868842241079,-0.3367864400445606,2.6405933959556576,0.7039152937457589,0.7062395813973761,0.03600080244134369,0.06657969001174768,0.0021271876175887883,0.0003893335520310001,10656.957438200716
1678315397018364089,267,1677825035497017621,camera_1,270,0,0.1168491315062598,-0.33668393993414886,2.639995141770042,0.7039944170803153,0.7062800337935711,0.033113068302802924,0.06681241869497723,0.002994578506331891,0.0005479119380850833,10664.79281166487
1678315397024984839,268,1677825035503709554,camera_1,271,0,0.1169282458457516,-0.33678915129586795,2.641016478579745,0.7040531432289707,0.706357020610302,0.03180890590673068,0.0660085180030625,0.006336647435091436,0.0011600715801133282,10660.097220172644
1678315397031604263,269,1677825035510363340,camera_1,272,0,0.11692829055239319,-0.3366434389263889,2.6396336376108325,0.7041185496780128,0.7060998969697988,0.03236280645367126,0.06776910990276899,0.003976750711444765,0.0007275372099108887,10666.086283212993
1678315397037474506,270,1677825035516306400,camera_1,273,0,0.1169419663658822,-0.33669703554057806,2.6398527194917647,0.7039412242953295,0.7061908078063727,0.034830288567204645,0.06743994888566303,0.0028189157019369304,0.0005157582305350073,10662.2040870632
1678315397044417221,271,1677825035523036956,camera_1,274,0,0.11694509607572388,-0.336719703705879,2.6401193064472364,0.7041041913890244,0.7060976495843568,0.03429943705720546,0.06698466643504263,0.00157724239397794,0.0002886252758777341,10661.889767186254
1678315397051591948,272,1677825035530386924,camera_1,275,0,0.11698887808031348,-0.3368243496948429,2.640682537254168,0.7038777434195715,0.7063738246290239,0.03561340358361384,0.0657558186225957,0.0053251347853802145,0.0009745030525105491,10658.780132640037
1678315397059294110,273,1677825035537023782,camera_1,276,0,0.11686601200271682,-0.33656041371853485,2.638761241482348,0.7038341890421371,0.7060317435800552,0.037066193158089254,0.06901238089989113,0.004258357104845345,0.0007787787389616529,10664.023410668946
1678315397064719119,274,1677825035543740272,camera_1,277,0,0.11691270623299925,-0.33672441234777634,2.6401905406001362,0.703862264109926,0.7061933834848033,0.03415407648655847,0.06857344488710303,0.004152596928179264,0.0007601802315525528,10657.398333784666
1678315397071716590,275,1677825035550420522,camera_1,278,0,0.11687184492541199,-0.33673200988899865,2.640393143153822,0.7039976581432855,0.7062536049902637,0.033559888889994435,0.06683469626412424,0.007064333593007177,0.0012929685644416477,10661.006101718176
1678315397078530310,276,1677825035556342601,camera_1,279,0,0.11693047731419823,-0.3367783821996496,2.640733826328777,0.7041970125392392,0.7061447777506173,0.03348233785052397,0.06591701933799424,0.0032310205278918147,0.0005913129244568344,10660.642872144817
1678315397084859057,277,1677825035563626527,camera_1,280,0,0.11686128973177759,-0.3365799114584847,2.639050172336967,0.7039929916377807,0.7061507590044092,0.033440223049578936,0.06802003208451723,0.005241771345026791,0.0009585972680906511,10668.894244670862
1678315397091499014,278,1677825035570414543,camera_1,281,0,0.11686442856065922,-0.33662445725804674,2.639173725027038,0.7039085908615641,0.7060436768975175,0.03613724331843175,0.06862304037031293,0.003352117259055376,0.0006132124474833356,10662.944993642162
1678315397097654975,279,1677825035576356649,camera_1,282,0,0.11693410405958272,-0.33670651202856167,2.6398291940029073,0.7038719173852631,0.7062380257822457,0.03533724978547348,0.06740514545039178,0.004948027548380196,0.0009052996877980683,10661.842190957861
1678315397104702661,280,1677825035583664894,camera_1,283,0,0.11699106038117815,-0.33678103801586995,2.6403502015053135,0.7038097877081787,0.7065311315624881,0.03411837398967843,0.0655856647103549,0.0059061916545033455,0.001080534897226146,10663.74341859598
1678315397112329116,281,1677825035590401887,camera_1,284,0,0.1170041985669011,-0.33681446581783414,2.640532647230573,0.7038199182754293,0.7063830581210357,0.035940874395585166,0.06609653081684372,0.0022894417634233832,0.00041898730545765744,10658.699814304251
1678315397119483659,282,1677825035597009420,camera_1,285,0,0.11685397786354076,-0.33650672578934415,2.638330174937682,0.7038025542482572,0.7060932199005213,0.03577351275090557,0.06938721229163024,0.005077555717434734,0.0009284143884759058,10668.207598314617
1678315397125264995,283,1677825035603729724,camera_1,286,0,0.11688188520893575,-0.3366658414320448,2.639602666495763,0.7039148535569918,0.7061388068128941,0.032676240451658775,0.06931181547648534,0.005746909126173705,0.0010517293645394058,10661.923925620504
1678315397131496803,284,1677825035610400676,camera_1,287,0,0.11688309765922802,-0.33665174476521764,2.639866169791736,0.7040529266534642,0.7062375224163366,0.033797978090637365,0.06630033996074869,0.00405393575783819,0.0007415497071448622,10666.322443228799
1678315397138543022,285,1677825035617014169,camera_1,288,0,0.11690919282269707,-0.33674571172252776,2.640477563054837,0.7039507151534721,0.7062933226598358,0.03438281924109588,0.06649026050541776,0.002465293335262686,0.0004511628572737064,10660.184813099564
1678315397145041552,286,1677825035623694896,camera_1,289,0,0.11692697317909648,-0.3367259734953586,2.640083810345948,0.7039231425323804,0.706280532766772,0.03412226843702719,0.06704990110905629,0.002733460976742208,0.0005001733519076929,10662.219687333913
1678315397151580030,287,1677825035630375146,camera_1,290,0,0.11702346947067087,-0.3368245220678492,2.6405653774625164,0.7040391391323112,0.706132113820908,0.03397631397330372,0.0674680553257469,0.0052084276103414595,0.0009534361902331512,10657.387778538283
1678315397159263964,288,1677825035637262821,camera_1,291,0,0.11692772437998185,-0.33662111317008564,2.6389309909449263,0.7037043346949282,0.7060468569145325,0.036658844521580684,0.07038589554037634,0.0037531479028984904,0.0006867519780626451,10659.480287931628
1678315397165310764,289,1677825035643690347,camera_1,292,0,0.11689320810277848,-0.3365819867356045,2.6389160190748493,0.7036468142481631,0.7061629980160385,0.03637274907691551,0.06994286351014907,0.0056747543858364224,0.0010382219008531366,10661.21695224219
1678315397172109119,290,1677825035650347948,camera_1,293,0,0.11688666248996905,-0.3366822531451041,2.640065814411828,0.7041577149857579,0.7061428671577344,0.03416289051819858,0.066008033599949,0.0041510434239171445,0.0007593555015984652,10665.002023314359
1678315397178503307,291,1677825035657071828,camera_1,294,0,0.1169161347117956,-0.3367938859731509,2.6406530742851095,0.7039364654553495,0.7063131275054415,0.03304942115251931,0.06710405559424307,0.005847239983268082,0.0010703459582337284,10658.783612427305
1678315397184694118,292,1677825035663634061,camera_1,295,0,0.11681460236069534,-0.3365689239681433,2.639100290278694,0.7038455292509741,0.7061668680434475,0.035318928860982035,0.06842805488421842,0.002925398002844304,0.0005350989008560876,10665.154012591232
1678315397190822143,293,1677825035669648408,camera_1,296,0,0.1168993441761575,-0.33662674998662934,2.639339877851842,0.7037583480271975,0.7061814484330193,0.033930317411199604,0.06986188539860658,0.005578316457103938,0.001020852219326252,10661.099324426152
1678315397198475487,294,1677825035676990509,camera_1,297,0,0.11692390786803232,-0.3366394476040549,2.6392505889636095,0.7038407373778165,0.7061727577906709,0.03663917067387487,0.06771871036944542,0.0066450092708691955,0.0012152724802023031,10664.002798540285
1678315397205808822,295,1677825035683659791,camera_1,298,0,0.11701278318961013,-0.33678439003457616,2.640459687774367,0.7038644588146156,0.7063817837767123,0.036634275240703555,0.06524974362881905,0.006802050571423024,0.0012444324472302092,10660.514896178265
1678315397211477156,296,1677825035690332174,camera_1,299,0,0.11693351774724814,-0.33667189522715857,2.6396144108230852,0.7040010471875406,0.7061694972978492,0.03571094388784265,0.06657248028719287,0.005019504984375089,0.0009180278866607149,10665.227209834618
1678315397218492924,297,1677825035696966171,camera_1,300,0,0.11692357621590778,-0.33666514157184285,2.639538248501918,0.7037705208619922,0.7064248599306123,0.03605103598818159,0.06611576243101233,0.005484132387209684,0.0010028088545214807,10666.555769691593
1678315397223798646,298,1677825035703012466,camera_1,301,0,0.11692014721876877,-0.33675992363532703,2.6405276236497834,0.7041236519979234,0.7060979107123024,0.03388606288941969,0.06698774460065963,0.003225910884793848,0.0005904407397583812,10659.109149967087
1678315397231428454,299,1677825035709858894,camera_1,302,0,0.11685767102559716,-0.3366713428251318,2.6400079692841905,0.703899268896472,0.7063469375863533,0.03224476501929685,0.0675284987116048,0.006002042267937213,0.0010982983051465855,10663.867605576987
1678315397239033608,300,1677825035716956615,camera_1,303,0,0.11691874863599598,-0.336697547396734,2.6401066600153973,0.7040262713436081,0.706348419596546,0.03511874289400408,0.06469616131597775,0.00453056552214548,0.0008285340858564336,10666.731381590947
1678315397244134068,301,1677825035723027944,camera_1,304,0,0.11689154230843174,-0.3365569118813246,2.638750305422088,0.7039083579192285,0.7060856177071405,0.03587205713792321,0.06833242008940331,0.0028343070880509913,0.000518252901191601,10667.461852222683
1678315397251213461,302,1677825035730298519,camera_1,305,0,0.11699000124017224,-0.33677918822190683,2.6403967259954064,0.7038645879733433,0.7064926162839815,0.03588873340216361,0.06445792230687326,0.003139260516036302,0.0005742012747815316,10663.941215224912
1678315397258387768,303,1677825035736937999,camera_1,306,0,0.11689108648471097,-0.3366117112533089,2.638986496188602,0.7038956875992707,0.7061948446685392,0.03566171259499043,0.06743845043830826,0.0031446065986528993,0.0005749857546595052,10668.127798734702
1678315397265075706,304,1677825035743620872,camera_1,307,0,0.11706249571423386,-0.33695955728746046,2.6420156782634825,0.7040609419555641,0.7065989494999699,0.03213866657913449,0.06311276169443027,0.003411709680221975,0.0006245928898934906,10658.692763303872
1678315397271977844,305,1677825035750428915,camera_1,308,0,0.11683421525803396,-0.3365727700809776,2.639256236942585,0.7039202668142686,0.7062397328400106,0.03499635873312321,0.06705932151179203,0.006352858152240515,0.0011617938060690912,10667.857683152195
1678315397278945353,306,1677825035757591724,camera_1,309,0,0.11697313557145245,-0.33688916424309356,2.6415776750273623,0.7041574015885922,0.7062805895553274,0.03497620898901709,0.064083909135897,0.004738321586046368,0.0008673566612175944,10656.545753826385
1678315397283896843,307,1677825035763080120,camera_1,310,0,0.11689306747419827,-0.33673068300406894,2.640357248222866,0.7041216880470309,0.7061434235191524,0.03557860101279145,0.065637466377241,0.006092845113016665,0.001114644060982283,10661.805547222375
1678315397290995932,308,1677825035769843101,camera_1,311,0,0.11696154608106571,-0.33674620426165686,2.6402106341953955,0.7040211127228965,0.7064051577947557,0.03397581351291515,0.06474310756765463,0.0015950686647556722,0.00029174025870678995,10667.141692884614
1678315397298814449,309,1677825035777068376,camera_1,312,0,0.11689497850475791,-0.33654280893010874,2.638489120478881,0.703663336953829,0.7062565416458806,0.03595518637258767,0.06904223477202365,0.008078463026322424,0.0014772099035100226,10667.58722480899
1678315397307016810,310,1677825035783717870,camera_1,313,0,0.11698909510710379,-0.3368334989723065,2.6405689115684132,0.7039225512174945,0.7062503454299466,0.036945333268983506,0.06586754752667684,0.002410203276667744,0.000441081264785367,10657.653991756382
1678315397311634392,311,1677825035790408372,camera_1,314,0,0.11697179413031775,-0.33680838835230686,2.6408898995317855,0.7041578427422789,0.706180111761637,0.03478501741865755,0.06527928323783803,0.001433424069546163,0.00026234295952914016,10659.378331693359
1678315397318336367,312,1677825035797030210,camera_1,315,0,0.11690209641116958,-0.33672391709267485,2.640065828575049,0.704040169834,0.7061376670654103,0.03419819505346128,0.06728683278783135,0.0005065718432888389,9.270184479896392e-05,10661.668353686575
1678315397326941010,313,1677825035803778648,camera_1,316,0,0.11688931220814323,-0.33666291085545796,2.63983665715361,0.7040571723358926,0.706195631199071,0.03421726473548282,0.06648614405840318,0.008530514198355377,0.0015603467133295734,10665.569711825457
1678315397331981826,314,1677825035810540437,camera_1,317,0,0.1168984627186984,-0.3367423684364946,2.6404225963948984,0.7039436251808595,0.7062327325282878,0.03439367847997606,0.0671995160211259,0.00202710967278108,0.0003710457896021839,10658.811769501188
1678315397338314344,315,1677825035817027568,camera_1,318,0,0.1169305968038765,-0.3367582108936788,2.6405651470541245,0.7040530343383538,0.7062704079883416,0.034903390150916355,0.06536963358403856,0.0027794393245130777,0.0005085476122666674,10661.638028204441
1678315397345113886,316,1677825035823714494,camera_1,319,0,0.1168908638998048,-0.33658069595068163,2.639199792801582,0.7039008600636136,0.706160286440475,0.03489587784861092,0.06814328114484958,0.003019448195118457,0.0005522722559980727,10665.605147857215
1678315397351965111,317,1677825035830425262,camera_1,320,0,0.11704071184316935,-0.3368772255718036,2.6413702554538587,0.7041568946128847,0.7062701133138211,0.03114669856509344,0.06614739584682494,0.0025986432447098196,0.000475845995674855,10657.552343290536
1678315397357121304,318,1677825035836252689,camera_1,321,0,0.11693099174207623,-0.3366172048783486,2.6392314034131066,0.7038966115511454,0.7063110891596224,0.03533178152307293,0.06637673381065015,0.005652749561704695,0.0010334663367820424,10669.29752234137
1678315397365214294,319,1677825035843706846,camera_1,322,0,0.11691468062265542,-0.3366163187184563,2.639413260692085,0.703892113096183,0.7063033097534226,0.03514580550867641,0.06660555613083123,0.003769758273847401,0.0006893742338230374,10667.514220969984
1678315397371763598,320,1677825035850383758,camera_1,323,0,0.1169400201275868,-0.33676494053590933,2.640607491194689,0.7040169811682132,0.70634838710466,0.035914259932313015,0.06436002015968835,0.002199928800109774,0.0004024420623706144,10662.49631134095
1678315397379034913,321,1677825035857123613,camera_1,324,0,0.11690710086374666,-0.336726461832548,2.6401669957202847,0.7039520743998763,0.7060800606275878,0.0343229331229274,0.06873398863802631,0.002169861865695566,0.00039723766555829906,10656.955426966078
1678315397383574414,322,1677825035862987279,camera_1,325,0,0.11682305612976072,-0.3364770714629442,2.6383585574768187,0.7038628913178578,0.7061740509345796,0.033397671039027556,0.06913635499127944,0.00544093589996919,0.0009947579318948636,10671.614358330262
1678315397391497412,323,1677825035869719266,camera_1,326,0,0.11692064446793757,-0.33671390916961447,2.6400373394217493,0.704047274084754,0.7060909008753127,0.03341845154308223,0.06809025371798359,0.0036842210683971643,0.0006742906258288498,10660.763211770802
1678315397398292485,324,1677825035877058506,camera_1,327,0,0.11691713461700023,-0.3367123366213462,2.6401428920762386,0.7040757322017708,0.7061576171807574,0.034589009462067964,0.06650100335008685,0.0020973573555238545,0.00038375112595881667,10662.589819129204
1678315397405009545,325,1677825035883660554,camera_1,328,0,0.11698195431193385,-0.33678927640627826,2.640450027242433,0.7039915351940442,0.7061047608829494,0.03569203300765425,0.06736515281171923,0.002026029513217509,0.0003708710513552314,10656.47812079615
1678315397411655718,326,1677825035890463590,camera_1,329,0,0.11698991573124129,-0.33679449470194106,2.6403391253731994,0.7039611036266592,0.7062352260640142,0.03552005439188498,0.06639951643682472,0.004121195001062006,0.0007541134561476347,10660.030709577492
1678315397418609259,327,1677825035897118568,camera_1,330,0,0.11692244849123246,-0.3365942953704849,2.639030473964871,0.7038847464709411,0.7061347164015904,0.03467833619724203,0.06868361505173932,0.0026008555432781577,0.0004757196540351017,10665.785505997019
1678315397425181680,328,1677825035903688669,camera_1,331,0,0.11697421981021902,-0.3367811914940495,2.640408253968899,0.7040150401439994,0.7062880894713187,0.03411527499987081,0.0660008025230058,0.002914940705522895,0.0005333671950901183,10662.247019135393
1678315397431612114,329,1677825035909736394,camera_1,332,0,0.1168209916038816,-0.3365050583539448,2.638610320252244,0.7038460870182937,0.7060830745359681,0.03506579556537098,0.06941014064413885,0.007141495065297931,0.001306021188167038,10666.831142752666
1678315397438105475,330,1677825035916993856,camera_1,333,0,0.11697980102965003,-0.33696016429094217,2.642238756199892,0.7044089298319637,0.7062530702561778,0.02964333549827906,0.0643112197617681,0.002699580159969628,0.0004944593384676144,10656.734640786422
1678315397445293262,331,1677825035923710823,camera_1,334,0,0.11680879146462358,-0.336558745215364,2.6391415139152135,0.7037494769044855,0.7062177526460284,0.03593360382696725,0.06857066224168049,0.0060879873926751316,0.0011135956630039473,10663.680044727756
1678315397451236349,332,1677825035930354833,camera_1,335,0,0.11689544102486985,-0.3366643606175915,2.6396545314140174,0.7039336462300967,0.7060514000426517,0.03644449799204287,0.06812224870863079,0.004788146063219756,0.0008760834226997826,10659.992626158404
1678315397458004673,333,1677825035936368942,camera_1,336,0,0.11692847332817827,-0.33669140781700496,2.639656750082398,0.7038857726985377,0.7062985165073585,0.036155773732495525,0.06618145206847519,0.0032554548233747482,0.0005953530367213049,10665.284731708005
1678315397464751276,334,1677825035943660020,camera_1,337,0,0.11706581518792515,-0.33690367254071446,2.6412060175342202,0.7041332953006461,0.7063649355322521,0.03322822089814114,0.06434878115018958,0.002144676516763866,0.000392524782120942,10660.930973941813
1678315397472279745,335,1677825035950426340,camera_1,338,0,0.11693804512972948,-0.33665264741531403,2.6394105226374434,0.7038133439085158,0.706312400377436,0.03594567500985379,0.06691396309787452,0.004671995411626995,0.0008544279996771228,10665.693569881843
1678315397479166518,336,1677825035957033634,camera_1,339,0,0.11696692545137002,-0.33678863231613215,2.6405589908257086,0.7038795374945476,0.706200033210752,0.03642550608122816,0.06714381800524293,0.0029533259803429246,0.0005405897373118344,10655.23193576443
1678315397484634828,337,1677825035963065385,camera_1,340,0,0.11684059965837311,-0.33664086304766433,2.639644220511434,0.7039387054703043,0.7063438160811387,0.032899999272497815,0.06683040081127918,0.005323927383869886,0.0009738345578988617,10667.824903768138
1678315397491477253,338,1677825035970426082,camera_1,341,0,0.11681608182908555,-0.33657238489498614,2.638914728930361,0.7038838257392005,0.7062487499937868,0.03374954827845428,0.06797963655360897,0.003570692031644285,0.0006529409368762182,10669.725255998086
1678315397501340354,339,1677825035977079868,camera_1,342,0,0.11687846242321852,-0.33665856420845985,2.6396540314986146,0.7039281257425454,0.7063002587268121,0.03277828090726465,0.0674590439584634,0.004639990453142673,0.0008488563187908259,10666.25171914208
1678315397504740754,340,1677825035983690738,camera_1,343,0,0.11695555592125131,-0.33679251484840256,2.640821890341641,0.7040368758059805,0.7064334401772956,0.032922760469369365,0.06480712883396615,0.006283735565375536,0.001149879119779819,10663.346655129219
1678315397511660282,341,1677825035990382909,camera_1,344,0,0.11700474512183694,-0.3367564582032154,2.640304053454554,0.7039260717881268,0.7063398161230933,0.03440030686593061,0.06624778112255005,0.004602078755851835,0.0008420385967028389,10662.121808569878
1678315397517428768,342,1677825035996399402,camera_1,345,0,0.11698010453349565,-0.33677459632641293,2.640452025856675,0.7040799114147518,0.7062130816250818,0.03420487712794578,0.06606502905821672,0.006265645322855562,0.001146557522038073,10661.639876999776
1678315397524636529,343,1677825036003070354,camera_1,346,0,0.11695385661757106,-0.3366869049396557,2.639758072478867,0.7038618990397904,0.7062131234766668,0.035325942632556465,0.06777557883597668,0.0035096349893137813,0.0006421505385901928,10661.476391233155
1678315397531413024,344,1677825036010373115,camera_1,347,0,0.11688868687228132,-0.3366540402628394,2.639850394006558,0.70400035825452,0.7062806785875869,0.0330606034118448,0.06676896834166204,0.005435879167634994,0.0009944069196702592,10666.13044107263
1678315397538587680,345,1677825036017042875,camera_1,348,0,0.11692880486491361,-0.33681528717073206,2.6409622483807524,0.7039790001779835,0.7064352220000295,0.03248862389669257,0.06563028069020338,0.008903518319129944,0.0016294916033478782,10660.674620400534
1678315397545346645,346,1677825036023743391,camera_1,349,0,0.11686458299614512,-0.33673355424887275,2.6403400238417025,0.7040218370744603,0.7063115134178926,0.033868786908617,0.06580428716251717,0.002326337504200637,0.0004256338699900434,10663.649579282857
1678315397551900069,347,1677825036030383825,camera_1,350,0,0.11692185354043304,-0.33669401284727796,2.6398130825035153,0.7038704140320271,0.7062940981838627,0.035542257558273435,0.06672207317438829,0.004558303742669523,0.0008338279920389283,10663.468583709559
1678315397557644180,348,1677825036036308288,camera_1,351,0,0.11694304193466085,-0.33664932905730094,2.6393680058292226,0.7038368430862274,0.7063918546425517,0.033850298487578326,0.06692087343550784,0.0031572608277201653,0.0005773821519124622,10668.625734774629
1678315397565099386,349,1677825036043712615,camera_1,352,0,0.11694227763296065,-0.33659822515497984,2.638813861511424,0.7040782712330202,0.7060084770817909,0.035818565322341504,0.06740065759635423,0.003349372942466289,0.000612317669318804,10669.3904125765
1678315397572046432,350,1677825036050321340,camera_1,353,0,0.11697191595578843,-0.3367974450519449,2.640767764197206,0.7042472208325462,0.7062382301604793,0.03155181049184566,0.06532914712527202,0.0034092303249053657,0.0006238814357498177,10664.023412222276
1678315397577819597,351,1677825036056557416,camera_1,354,0,0.11695686781533433,-0.33680179352593304,2.6406330626577694,0.7038361240439133,0.7062931715945522,0.03704583833617139,0.06627421905778942,0.0029862691299058497,0.0005465484068961264,10656.024165566314
1678315397586880927,352,1677825036063668251,camera_1,355,0,0.11688016068536278,-0.336644408880901,2.6395813752051263,0.7039402927985638,0.7062290975300969,0.03315944263292132,0.06788944940689405,0.004780547285918146,0.0008745865564964737,10665.283644591109
1678315397592517205,353,1677825036070393562,camera_1,356,0,0.11686743576433044,-0.3366060459120732,2.6392791972108913,0.7039023485671351,0.7061265114734961,0.03465415836998558,0.06859972874297598,0.0015849251649342477,0.0002899520509293373,10664.064495115072
1678315397598500590,354,1677825036076998233,camera_1,357,0,0.11689282158680722,-0.3366733330516901,2.6397579451484967,0.7040282461460442,0.7061827480343433,0.034665091656254594,0.06669697465141726,0.0028963233926333487,0.0005297927048138465,10665.095251957424
1678315397605080693,355,1677825036083642482,camera_1,358,0,0.11695087349016231,-0.33674659000527973,2.640115161523258,0.7038600119142464,0.7061405918211452,0.03554468895149333,0.06843334931085415,0.005372326530050486,0.0009833770278487722,10656.602788484312
1678315397610613257,356,1677825036089705228,camera_1,359,0,0.1170013663543005,-0.3368057223606048,2.6406142275107607,0.704185815507113,0.706101748664804,0.033906134574788055,0.06627995028124747,0.0036067666951566935,0.0006601130795051965,10660.135514691934
1678315397618262340,357,1677825036096935272,camera_1,360,0,0.11691872568748342,-0.3366839886760688,2.6396828808522272,0.7038898441662935,0.7063436681282947,0.03346864720695109,0.06706384591382454,0.004490796942263842,0.0008215051112111182,10666.194501673688
1678315397625521993,358,1677825036103609561,camera_1,361,0,0.1169204430770025,-0.33662690875357854,2.6395323889776527,0.7038075642631835,0.706249081469347,0.033395151986823,0.06893410791042237,0.0045493695652112365,0.0008324772881167254,10662.669552961828
1678315397631528216,359,1677825036110304355,camera_1,362,0,0.1168013886568237,-0.33645063373371026,2.6382947882243335,0.7037879699234595,0.7060078648737677,0.03613956430082083,0.07020911635639948,0.0025685623404569924,0.0004697618714804417,10665.880452428712
1678315397637900333,360,1677825036116938829,camera_1,363,0,0.11694320391637092,-0.3368670620454757,2.6412658495044625,0.7040593741118049,0.7064442170786093,0.03317713119353497,0.06431363655750995,0.0038647495093755424,0.0007072913356327124,10660.657631470824
1678315397645587410,361,1677825036123649120,camera_1,364,0,0.11691079628361742,-0.3367406153491802,2.6403338924385116,0.7040224010661037,0.7062439924461126,0.03491241079783856,0.0659773105179096,0.002877959341276437,0.0005265732054682041,10661.968730902998
1678315397651598103,362,1677825036130313634,camera_1,365,0,0.11690309625641115,-0.33676572828500856,2.6403373527030287,0.7039538406778851,0.706203955960799,0.035683299252047926,0.06672079836648909,0.002473518194165081,0.00045266630228960134,10659.069598164991
1678315397658324173,363,1677825036136999368,camera_1,366,0,0.1169138384070751,-0.33665775869398146,2.6395961784194597,0.7038279330424052,0.7061826029365414,0.03609327762850538,0.06804151151362023,0.004785682423971593,0.0008756235667496807,10661.129265376136
1678315397666038069,364,1677825036143615245,camera_1,367,0,0.11700827124936662,-0.33684942434992127,2.6408740370133534,0.7040367802106603,0.7062015733170198,0.036969438876479556,0.06515221058667639,0.0026843667728826404,0.0004912425419982472,10656.95729327749
1678315397672467945,365,1677825036150329351,camera_1,368,0,0.11693475305055198,-0.3366578594213314,2.6394833240624695,0.704017727003775,0.7061232518579033,0.03559543506296413,0.06694742902260534,0.005097661749459803,0.0009322705066598815,10665.47037166206
1678315397677857336,366,1677825036156934738,camera_1,369,0,0.11696990084201425,-0.3368197644192625,2.64080245593972,0.7039331901529878,0.7061359209311665,0.034865062644310045,0.06807754680171368,0.007039011805318296,0.0012890111489022367,10652.867886021968
1678315397684392322,367,1677825036163053274,camera_1,370,0,0.11692390099044382,-0.336726652114714,2.6403370302993383,0.7040625688395027,0.7062489940799329,0.0324597104589235,0.06674297503952238,0.0022627723519690335,0.00041411228148572005,10662.952075422741
1678315397691372332,368,1677825036170283317,camera_1,371,0,0.11695787676783562,-0.33692308595586357,2.6417959031702813,0.7040805406018028,0.7063716774100316,0.0329013285421882,0.06501652312274801,0.0029332751873880625,0.0005371383372804093,10655.002921185926
1678315397698468558,369,1677825036176940202,camera_1,372,0,0.11685552381953142,-0.33658057081019,2.6392640486366368,0.7038656952271394,0.7061968852078235,0.03440660095091955,0.068375640517571,0.0009880626457743347,0.00018075253712458754,10665.103834540116
1678315397704762384,370,1677825036183572769,camera_1,373,0,0.11695436405179066,-0.33680319905250933,2.6407380430399767,0.703873006377308,0.7062873395994528,0.0338378031038838,0.06764604863552894,0.0036039474653080106,0.0006598801772209552,10655.768485673478
1678315397712278841,371,1677825036190279006,camera_1,374,0,0.11694228803997778,-0.33673600499512124,2.6400875951767424,0.7039835851452995,0.706199821036923,0.03301523078088794,0.06781533123028713,0.0028441062895581126,0.0005205208914895738,10661.525287765304
1678315397718192944,372,1677825036196892023,camera_1,375,0,0.11697716131882184,-0.3367410805937536,2.639917475805373,0.703852363110045,0.7063402710709704,0.03400690413370036,0.06722204161608603,0.002868866315111518,0.0005249010067123245,10663.211723060349
1678315397725218490,373,1677825036203581333,camera_1,376,0,0.11695388505152177,-0.3366479518130928,2.639344879105951,0.7038528771171774,0.7062101987669469,0.03710792826018154,0.06694239457666643,0.002770623308606446,0.0005067011856285258,10664.610564217897
1678315397731354896,374,1677825036210235118,camera_1,377,0,0.11700409730332746,-0.33686402392967085,2.6410704557093574,0.7040274109224949,0.7064582876573322,0.03328403909605107,0.06445358959353045,0.004089945869054645,0.0007484661350004746,10661.737166488778
1678315397739611034,375,1677825036217001914,camera_1,378,0,0.1169466640109672,-0.33681036082584287,2.6409699303743306,0.7040486024355401,0.7063305296184246,0.03230939737228401,0.06609728571551611,0.00515200209338218,0.0009431466476472292,10659.654525215272
1678315397745600915,376,1677825036223650932,camera_1,379,0,0.11684716928824722,-0.3366448434752118,2.639887149186738,0.7039162723852784,0.706162441618303,0.03458036826583328,0.06812257811835279,0.005275007744785398,0.0009652884053988533,10660.548985363448
1678315397750524468,377,1677825036229637384,camera_1,380,0,0.11681673660395672,-0.33660610306608163,2.6393025415490072,0.7038713188306168,0.7062615626052398,0.03258747445129422,0.06854070486170492,0.003763810673262924,0.0006885554415139182,10666.516000279691
1678315397757503082,378,1677825036236335039,camera_1,381,0,0.1168576793255943,-0.3365198417071043,2.6386588422980375,0.7038886675007956,0.706056521494493,0.03522353715927377,0.06916816210540959,0.0031787937623448674,0.0005813410971716891,10666.863508815295
1678315397765450176,379,1677825036243624925,camera_1,382,0,0.11708361057364249,-0.3369694364258811,2.6419092553081014,0.7040856274615795,0.7064707991578479,0.033594285740114256,0.06351270034345118,0.005519698082935065,0.0010104572500520216,10656.878179783465
1678315397772026368,380,1677825036250280618,camera_1,383,0,0.11698895180694359,-0.336696065175339,2.639468156491854,0.7038765410692854,0.7061503317983524,0.03698571264081764,0.06739125235419258,0.0022046976955607533,0.0004032654905860009,10662.588228484616
1678315397778050889,381,1677825036256946086,camera_1,384,0,0.11699449695704134,-0.33683562639643866,2.640641591598243,0.7041314794952815,0.7063048894102025,0.03534610550039553,0.06389769639808986,0.0014722816413268447,0.00026934362405485625,10664.000977011867
1678315397784779264,382,1677825036263598918,camera_1,385,0,0.11689256854138515,-0.3365802748411271,2.6390363916013957,0.7037419709522567,0.7062501049039848,0.03654677936629042,0.06798794423495677,0.0035408168914727867,0.0006475867162971469,10665.194217083625
1678315397792479331,383,1677825036270290851,camera_1,386,0,0.11692025440074313,-0.33679281697568625,2.6408100117626168,0.7040136421101009,0.7062500692501503,0.034404336382277655,0.0662719627378262,0.0025325868045911193,0.0004636113499524212,10658.032572989578
1678315397797405259,384,1677825036276323795,camera_1,387,0,0.11684363304318743,-0.33676775466025666,2.6406240036569906,0.7041158989610298,0.7060825820329049,0.034715177491179035,0.06680602242165756,0.0012639646884053946,0.00023136294651375616,10657.807330790904
1678315397804323251,385,1677825036283295154,camera_1,388,0,0.11686974854006807,-0.33677566102771556,2.6406149668612935,0.703770392981686,0.7062781678361255,0.034793337053416536,0.06832135315650703,0.0035443113301880658,0.0006490390928052716,10653.875057433032
1678315397811867295,386,1677825036290279865,camera_1,389,0,0.11690071975183663,-0.33671139998990207,2.640220678732602,0.7038188120158645,0.7063985833230658,0.035165814014793406,0.06635877377121908,0.0029289535013958816,0.0005359201342106855,10661.621703129615
1678315397817535698,387,1677825036296329975,camera_1,390,0,0.11695792033062405,-0.33671789872612184,2.6397668064391064,0.7038681579621734,0.7062907255163284,0.03400543021139193,0.06757705211603872,0.005558551580179483,0.001016998264511904,10663.526640077233
1678315397824292568,388,1677825036303261756,camera_1,391,0,0.11701481370939029,-0.3367327728625623,2.6399954181109404,0.7040638528121461,0.7062180907441223,0.034014859752600525,0.06628038009135308,0.004517077759373933,0.0008263237088231413,10664.977644049093
1678315397831150218,389,1677825036310288190,camera_1,392,0,0.11696096500024104,-0.33668727895365624,2.6397703713890515,0.7041199762006612,0.7061928115389752,0.033118687535736345,0.06640726301970477,0.003105084877461195,0.0005679615271865688,10667.564327907754
1678315397838501781,390,1677825036316930294,camera_1,393,0,0.1169630017220388,-0.33689392482259056,2.641390098398674,0.7041071378127834,0.7063234476197078,0.03430032921418316,0.06452761609961151,0.0036402467521838844,0.0006663228438449454,10657.782516402309
1678315397844730865,391,1677825036323622941,camera_1,394,0,0.11688811481888775,-0.3366912315220851,2.6399935495000975,0.7038612717797323,0.7062432135404959,0.034589959993914864,0.06784812513423541,0.0036461014533415437,0.000667213967372315,10660.348555317267
1678315397851350568,392,1677825036330287933,camera_1,395,0,0.11688203117586239,-0.33675156531818795,2.640550924731827,0.703983036682888,0.7063604725005963,0.034494951877493886,0.0653671572461552,0.005269378190860152,0.0009641887365850759,10662.288791630297
1678315397857634687,393,1677825036336394548,camera_1,396,0,0.11685254031616564,-0.3366009470754505,2.639388622125356,0.7039370312311918,0.7061586316491871,0.034118693956798285,0.06818033243866006,0.007069380430039018,0.001293279483235355,10664.964814724164
1678315397865150375,394,1677825036343592405,camera_1,397,0,0.11699741360257274,-0.33690820611619726,2.6415665237493204,0.7041327477487912,0.7062312447007498,0.03293465232409533,0.0659530987327964,0.003981919144280255,0.0007291922285524631,10654.459225792896
1678315397872041967,395,1677825036350285530,camera_1,398,0,0.11691380040313842,-0.3366232065503883,2.639166885032668,0.7040372007763661,0.7061344551928986,0.03587197619107409,0.0664752016661442,0.004644748813007027,0.0008491991538055617,10668.869881671384
1678315397878737237,396,1677825036356914520,camera_1,399,0,0.11703920142185499,-0.3368231684931779,2.6407617020542045,0.7039460420846501,0.7064397787674237,0.032836932637086445,0.06576127023847093,0.002391378744505346,0.0004376855763525854,10661.507269114372
1678315397883638791,397,1677825036362918615,camera_1,400,0,0.11692874726297232,-0.3366447288882952,2.6394684036437526,0.7039827102324339,0.7062262474855343,0.033303477180690794,0.0674070431332889,0.004519403271842748,0.0008267270209420792,10667.247678186868
1678315397891770474,398,1677825036370300769,camera_1,401,0,0.11696958717229028,-0.3367482016658743,2.6401755690124618,0.7039267643678401,0.7062192792661406,0.03453726274771109,0.06744343912740346,0.00461642345180735,0.000844813729258155,10659.942768985402
1678315397897905971,399,1677825036376973628,camera_1,402,0,0.11690194432751821,-0.33667899738176676,2.6399214683835117,0.7038581500643192,0.7063018915475348,0.034426043133271564,0.06735124452150107,0.004249475779943168,0.0007775540551801444,10662.418578468028
1678315397906061190,400,1677825036383608818,camera_1,403,0,0.1169051310632952,-0.33678710941021905,2.6406745427610696,0.7039457081864382,0.7062201560579702,0.03504821168489636,0.06697129206638495,0.00392424565507099,0.0007183794712317625,10656.54503585491
1678315397911567354,401,1677825036390296220,camera_1,404,0,0.11684971271331383,-0.3366001314638546,2.639330977116129,0.7038760791270765,0.7062114929406594,0.03557701201519489,0.06751347041361,0.002060541941318661,0.000376880195994933,10665.329034040918
1678315397917777651,402,1677825036396291017,camera_1,405,0,0.11687968538164434,-0.33666981205713975,2.640096246160522,0.7040600352445393,0.7063605969106594,0.033340996020773395,0.06513487458971338,0.005675611726474017,0.0010380538499979708,10667.935532319127
1678315397924935616,403,1677825036403615474,camera_1,406,0,0.11687375096921883,-0.33667606921601373,2.639557949179516,0.703804421198994,0.7062124405162947,0.03648881463541151,0.0677635002584025,0.004302693239878863,0.0007871631322670182,10661.627593899148
1678315397931662384,404,1677825036409866094,camera_1,407,0,0.11695050586961597,-0.336735987734697,2.640041779984489,0.7040368734026411,0.7060789498059324,0.034456443880716905,0.06780376837226729,0.0023162485449574888,0.00042390525405799033,10660.190916918455
1678315397937575160,405,1677825036416499376,camera_1,408,0,0.11701210472515423,-0.33678974574865994,2.6404965502581423,0.703842211951636,0.7064235250781743,0.03534362059830488,0.06574779368281101,0.005368650134187191,0.000982319258320457,10660.644245778207
1678315397945233114,406,1677825036423611402,camera_1,409,0,0.11697695463945092,-0.33678270753088546,2.6404917692355454,0.7041218417658438,0.7063000251939091,0.03326097583296645,0.06516451370184771,0.0047441310016438365,0.0008679744927461001,10664.690281750169
1678315397953782583,407,1677825036430307865,camera_1,410,0,0.11695631982949219,-0.3367182691401551,2.6399383340204023,0.7038538039715915,0.706218624870002,0.03545213299297023,0.06773642142668033,0.003427770279813558,0.0006272324326560499,10659.955294726766
1678315397958458132,408,1677825036436974525,camera_1,411,0,0.11686014183385196,-0.33656256744476887,2.6389381849779645,0.7037435510775861,0.7061218648438778,0.03524177678587526,0.06996387264215663,0.003869361709803343,0.0007079170411202856,10662.46289099241
1678315397964935709,409,1677825036443635463,camera_1,412,0,0.11690046647090345,-0.33669468998216284,2.6399865104023155,0.7038874344970103,0.7061130851717646,0.0364032638673368,0.06798229833003977,0.002366933855228126,0.00043316980421051894,10657.744429220209
1678315397972050512,410,1677825036450297832,camera_1,413,0,0.11688905840449941,-0.3366747653333112,2.6399504521925863,0.703961364734382,0.7063217255294564,0.0340104024383128,0.06626695656495718,0.0034551809076219797,0.0006320585038353004,10665.45900407084
1678315397979162661,411,1677825036456320047,camera_1,414,0,0.11696599746488281,-0.336751138065969,2.640287111852115,0.7038621101971237,0.7062449495024449,0.0342170800040579,0.06801023869342813,0.004092736111488193,0.0007491737557489049,10657.986564421099
1678315397985185716,412,1677825036463581085,camera_1,415,0,0.11691846232021062,-0.3366396139617267,2.6392794981207293,0.7039251022873769,0.7061060753854846,0.03542960781183919,0.06817920184127586,0.004925758228637278,0.0009010085112251867,10664.147649265473
1678315397991388051,413,1677825036470306396,camera_1,416,0,0.11696084411614613,-0.3367268677723492,2.6400484113571134,0.7039433637356827,0.7060765943578927,0.036320027455758415,0.06782653727019654,0.005108403565827757,0.0009349130862886833,10657.72701778193
1678315397998524784,414,1677825036476965427,camera_1,417,0,0.1169724033715282,-0.33682407168867484,2.640929597400057,0.7040921069553471,0.7061642854316544,0.03198016893986518,0.06755424263922136,0.004149370826780796,0.0007598260740529758,10656.617123744334
1678315398006472576,415,1677825036483632564,camera_1,418,0,0.1169363211460516,-0.33677982972974857,2.6406779317164846,0.7039385128956396,0.7062597779420843,0.03465827420404776,0.06683187976310544,0.0036056365352123984,0.000660005449919732,10657.354428496212
1678315398011586376,416,1677825036490293025,camera_1,419,0,0.11689021720608564,-0.33669177914885,2.640132450297633,0.7040143982879014,0.7061556146178075,0.03269705880069533,0.06810930401093833,0.002765399287454784,0.0005061760151634486,10660.83065886842
1678315398017609430,417,1677825036496360778,camera_1,420,0,0.11694233089889883,-0.33678281985871183,2.6405052873695247,0.7041625722316975,0.7061296014098906,0.0353651795141678,0.06546267607331147,0.001634246204048395,0.0002990330295487879,10661.27863176679
1678315398024761807,418,1677825036503009796,camera_1,421,0,0.11688675416576343,-0.33659736142361635,2.6390904790938685,0.7038972525008932,0.7061167713401695,0.03415064881540278,0.069003596567973,0.004947058449033648,0.0009050021754509887,10665.125421151752
1678315398031623019,419,1677825036510351181,camera_1,422,0,0.11696864435758249,-0.33670339169633257,2.6399095326640825,0.7039566763833275,0.7061781415362681,0.03354974362418631,0.06805765860263595,0.0018296082853339612,0.00033482959795599844,10661.702270920388
1678315398038447704,420,1677825036516952991,camera_1,423,0,0.11700147943578809,-0.3368509162584922,2.641179475380802,0.70415785348608,0.7063716847954925,0.03220913254808832,0.06452388761965332,0.003726657188963145,0.0006820538649915284,10661.951748058666
1678315398045279583,421,1677825036523621082,camera_1,424,0,0.11694499790172899,-0.33680390950783545,2.6407690407008957,0.7040830923490142,0.7062212039191148,0.03404545593744068,0.06602663957295682,0.002414023387245834,0.00044183493536745124,10659.39030241163
1678315398054413897,422,1677825036530278921,camera_1,425,0,0.11687149274159285,-0.3366460888207261,2.639732674316095,0.7039748152823911,0.7063072016315817,0.03419856563728598,0.06618198002356772,0.00782166316639632,0.0014304597593415684,10667.205149837886
1678315398057760380,423,1677825036536930561,camera_1,426,0,0.11688588151963272,-0.33666541257523086,2.639774358216819,0.7039775240555367,0.7062307727962491,0.031381079968064066,0.06832985438508363,0.005806490953546017,0.001062556201747361,10664.604200677477
1678315398064704841,424,1677825036543661832,camera_1,427,0,0.11691809149762247,-0.336799404600388,2.640826165643405,0.7039429225225199,0.7062582196857001,0.03542175178900899,0.06640021428456896,0.0023040714440867305,0.0004217792738367691,10656.304665737793
1678315398071745892,425,1677825036550298452,camera_1,428,0,0.11695290341549593,-0.3366692609453431,2.639620884686077,0.7038484231558931,0.7061719617997859,0.035058636168644935,0.06847955621058845,0.0066565058077685535,0.001217964005036864,10661.08728645125
1678315398077929022,426,1677825036556923866,camera_1,429,0,0.11701540850441051,-0.33678297283396863,2.640388338350807,0.7040602479648005,0.7062670586420933,0.033515673844244254,0.06605080407955806,0.0012876628316007555,0.00023563479639443578,10662.989170195653
1678315398084154893,427,1677825036562974929,camera_1,430,0,0.11696550151167633,-0.3366894021820451,2.6396440275331723,0.7039335277829073,0.7062002791436508,0.03577655218463511,0.06692378138091705,0.004995146708097309,0.0009136820724246708,10663.991525188554
1678315398091225697,428,1677825036570258140,camera_1,431,0,0.11689477172278541,-0.33662171659306533,2.6391423000798193,0.7038289599359279,0.7060907832853138,0.037985572654522064,0.0679536399698385,0.002410635876003653,0.0004408859751452165,10662.455070791537
1678315398098614275,429,1677825036576950788,camera_1,432,0,0.11684714630166226,-0.3367055517201304,2.640219873017165,0.7041503235443446,0.7062037008560833,0.03295324761399819,0.06605102740500673,0.0032681524171493948,0.000597923393816384,10665.097581656642
1678315398104555895,430,1677825036583625793,camera_1,433,0,0.11684550766380038,-0.3367589077973282,2.640766261240088,0.7041178800837684,0.7061372786173745,0.03293006139548083,0.06711010169622855,0.004417901218403131,0.0008088430804284497,10658.0622327429
1678315398112453332,431,1677825036590372800,camera_1,434,0,0.11685558019793672,-0.33675175850957423,2.640656783488187,0.7041350708149383,0.7063061975341401,0.030630268794702677,0.06623551922398084,0.0013562869862653315,0.00024825366143137347,10663.71094417782
1678315398117040254,432,1677825036596290349,camera_1,435,0,0.11692355752926765,-0.3366645050559514,2.6397015434781403,0.7039431196403463,0.7061978118568881,0.0336866345891215,0.06792602954405366,0.007101852330379188,0.0012994567505293358,10663.58613622724
1678315398124775102,433,1677825036602980852,camera_1,436,0,0.1169842163278641,-0.3367583111394753,2.640184313847268,0.7039826231628072,0.7062843707713429,0.036265501067813344,0.06523547594094713,0.0038899978972040117,0.0007115711847221579,10663.248430505162
1678315398131478753,434,1677825036610276460,camera_1,437,0,0.11698816509078823,-0.3367220081183522,2.6398214498326475,0.7038902963634999,0.7061894465665176,0.03433523949143814,0.06823494392498478,0.003909198800101876,0.0007153764054179879,10660.97228946479
1678315398138373837,435,1677825036616991996,camera_1,438,0,0.11699040098778073,-0.3367063704525266,2.6399533323797137,0.7038494912584965,0.7065084095639176,0.033660628001234295,0.06564086374494044,0.005239940132014453,0.0009583517575426307,10667.372551893472
1678315398144761320,436,1677825036623600244,camera_1,439,0,0.11690716349127145,-0.3366077573979757,2.6392133572951373,0.7040118072930768,0.706139787392573,0.032302300284783814,0.06848749702989015,0.004788946360349655,0.000876029782927104,10667.663638865459
1678315398151035312,437,1677825036629659414,camera_1,440,0,0.1169830359669783,-0.336873196406541,2.6414850546891935,0.7041256084603736,0.7064115368468334,0.030170808631378485,0.06541857860373057,0.0034191187587566674,0.0006260869130452752,10659.526585000564
1678315398157731351,438,1677825036636342048,camera_1,441,0,0.1168324572804934,-0.33657255972379363,2.639101986370343,0.703876619235004,0.7061195986586816,0.03362599249375555,0.06944141353121731,0.004023669636808336,0.0007361004161933383,10664.535323143708
1678315398165449437,439,1677825036643612623,camera_1,442,0,0.11689571549034299,-0.33675496963756363,2.6407623537732214,0.704128802359038,0.706099898711937,0.034567731827762606,0.06656301257983549,0.0014713850105181336,0.0002693500432956501,10657.511072765687
1678315398171412428,440,1677825036650285482,camera_1,443,0,0.11689687802068882,-0.33664479911222467,2.639654716255148,0.703805775522358,0.7062682925474834,0.03458957154083426,0.06816223898945861,0.00394850003067404,0.0007224372761279397,10662.265287413611
1678315398178356890,441,1677825036656936407,camera_1,444,0,0.11693439583082117,-0.3366582652612647,2.6395722767935834,0.7038824389040681,0.7063324412403409,0.03594371603590768,0.06597002297598192,0.005748340976424515,0.0010511764541780361,10666.79798989079
1678315398185001596,442,1677825036663644313,camera_1,445,0,0.11696796872100193,-0.33666743037383284,2.6394580893847226,0.7039719220742982,0.7061902966802596,0.033136105311106695,0.0679764395248573,0.002066466899123043,0.0003780297335372726,10666.015329995425
1678315398192057872,443,1677825036670275926,camera_1,446,0,0.11708771650701691,-0.3369784715334824,2.642004305469841,0.7040797185553568,0.7064382207454307,0.03188113506334268,0.06481036503609945,0.0034219681983813643,0.0006267317804068037,10654.943088476779
1678315398198060045,444,1677825036676929473,camera_1,447,0,0.11688720483760653,-0.33656328503672617,2.6387835059354274,0.703792134564637,0.7061713039397387,0.03570678792870576,0.0687295141319615,0.002920122409705073,0.0005340428754694161,10666.370350466812
1678315398204801130,445,1677825036683606863,camera_1,448,0,0.11694306276148592,-0.3367716768918552,2.6404195844328897,0.7038175774874041,0.7062133116816471,0.03610823905609298,0.06782161230515406,0.0034428234794177115,0.000630235236704626,10655.031276730007
1678315398211962587,446,1677825036690271854,camera_1,449,0,0.11687183302847472,-0.3366996540680127,2.640057286965367,0.7039859760492675,0.7061727968667043,0.035963150931428545,0.06656108672865825,0.0036413008929230273,0.0006661985558523331,10661.405678765032
1678315398218209061,447,1677825036696937561,camera_1,450,0,0.11689033200915379,-0.3367461562428935,2.640442642427355,0.7040186596350438,0.7061450821528842,0.035696680494287335,0.06665280818286404,0.0034852391108870506,0.0006378341706332842,10658.410645010998
1678315398224534945,448,1677825036703590869,camera_1,451,0,0.11682863351290351,-0.3365720768568582,2.638901349350342,0.7038813452871282,0.7061066900966719,0.035911912280885507,0.06837198632360546,0.004406317137181759,0.0008057910080676168,10666.112231570994
1678315398231949574,449,1677825036710310220,camera_1,452,0,0.11693621806713703,-0.33673610699938133,2.6403954581308,0.7040559141964084,0.706367664331029,0.03231528750941779,0.0656179446932776,0.004585337243042886,0.000838926791420133,10665.472901858393
1678315398238089471,450,1677825036716930150,camera_1,453,0,0.11704181273293182,-0.3368447413129434,2.6409710127767783,0.7039281194480342,0.7063957426907957,0.034229364368175544,0.06571611654399416,0.00614496722118929,0.0011247609121202607,10658.286673492054
1678315398244320721,451,1677825036723072290,camera_1,454,0,0.11696085482815938,-0.33668475170515916,2.639647810511435,0.7041445114881583,0.7061060291773862,0.03351743789969309,0.06686825747010133,0.0021958365687169135,0.00040167479618275506,10666.899736699175
1678315398251423092,452,1677825036729817628,camera_1,455,0,0.11705281668892463,-0.33687092890502185,2.6413124660401386,0.7042145857099877,0.7063716009814563,0.030873999062786723,0.0645583052912309,0.002714811358600855,0.0004969349426055847,10662.25239243102
1678315398258809226,453,1677825036736964702,camera_1,456,0,0.11688310482947964,-0.3365920541019563,2.639069840059493,0.7038733013431091,0.7062285938895881,0.03462361296844958,0.06785833960611887,0.006102398387156427,0.0011159470386252152,10667.709492181657
1678315398265325634,454,1677825036743674039,camera_1,457,0,0.11699126520839727,-0.3369339484136273,2.6419812514789665,0.7042226025334142,0.7063751786951319,0.03241415507566199,0.06367068049908345,0.003789725829847157,0.0006938986390638967,10657.359503704824
1678315398272147246,455,1677825036750306129,camera_1,458,0,0.11685464077863622,-0.33668665384231,2.6399002623300363,0.7038495730582573,0.7062526267404688,0.033947095474132556,0.06819531095879748,0.0028856637072749436,0.0005280913597519218,10660.987325128051
1678315398277910983,456,1677825036756942033,camera_1,459,0,0.11687904156376272,-0.3366714772304675,2.6399891128950905,0.7039431735222664,0.7061693359647628,0.03590566977344369,0.0670795070987159,0.003392664075363427,0.0006207536551717799,10660.725557887812
1678315398285436588,457,1677825036763608217,camera_1,460,0,0.11681729755415451,-0.3365149810186121,2.6385888776213466,0.7038340133126997,0.7061943974653888,0.033986716682998235,0.06893517086179339,0.005103771865833551,0.0009332731615720197,10669.581240413478
1678315398291348317,458,1677825036770293235,camera_1,461,0,0.11698955054287936,-0.33681721682246235,2.640544103765457,0.7038849455261985,0.7061385459092427,0.03612581691118084,0.0678915517222919,0.007009462686255574,0.001283177228087496,10653.783701150565
1678315398298494688,459,1677825036776935338,camera_1,462,0,0.11689046213195736,-0.33658473896748287,2.638547772311912,0.7036593999787515,0.7061436578448688,0.03766700826536719,0.06932373183368892,0.004487181722652167,0.0008205599322718568,10664.050740192877
1678315398306580345,460,1677825036783640861,camera_1,463,0,0.11701054873448241,-0.33682524705812195,2.6408118392124247,0.7039870425746684,0.706178120796259,0.03363108361715031,0.06770270164751596,0.0007908033439889551,0.00014481745435125252,10655.247916832446
1678315398311611593,461,1677825036790299654,camera_1,464,0,0.11688624157585659,-0.33658277113381707,2.638979841867171,0.703940329466964,0.7060736133871155,0.036078593510155,0.06801764564238832,0.0027755413902923465,0.0005075657840294214,10666.171160015278
1678315398317657974,462,1677825036796910047,camera_1,465,0,0.11683502667242253,-0.336532087691149,2.6387644370238457,0.7038645620731987,0.706130834625455,0.03434426530972566,0.06909699044819388,0.0015712239546701312,0.0002873755303517029,10667.300878557606
1678315398324289201,463,1677825036802959680,camera_1,466,0,0.11693784789984372,-0.3367743789727462,2.6405804326321376,0.7039331586634088,0.7063081150286825,0.03370137512184255,0.06686682356507267,0.006169417465571314,0.0011291900085330638,10659.207445990993
1678315398331236037,464,1677825036810318708,camera_1,467,0,0.11693551014451835,-0.33674509908698974,2.6401588886413467,0.7040753101306912,0.7060054471694621,0.03418969291775187,0.0683032292765773,0.004804276977665722,0.0008793712070252203,10658.284092642369
1678315398338355030,465,1677825036816905021,camera_1,468,0,0.11699415196840668,-0.3368184167342888,2.6407160808043892,0.7040876620029547,0.7062065604713819,0.03592366400218971,0.06513331349663776,0.0033406473230570555,0.000611261132020942,10659.661777678404
1678315398344797408,466,1677825036823577165,camera_1,469,0,0.11699137069977314,-0.33681620527114126,2.6406679314418393,0.7040138122876268,0.7062742929500058,0.03468274620641305,0.06586563855147344,0.003752327407710254,0.0006866848844114629,10659.794030859832
1678315398351885113,467,1677825036830250501,camera_1,470,0,0.1168953431090635,-0.33663126512645763,2.639317713740088,0.7037954332157128,0.7061413792785619,0.03618890553281208,0.06875102742224633,0.00478090503020212,0.0008746900436672133,10661.386917235213
1678315398357216675,468,1677825036836349487,camera_1,471,0,0.116887688489611,-0.33667886068938274,2.6398130808098133,0.7038937884554729,0.7063026692957988,0.03420069487428917,0.06708491924082001,0.005373376305215061,0.0009830374409847975,10664.240146662343
1678315398366712764,469,1677825036843589544,camera_1,472,0,0.11689821323763112,-0.3367160065724725,2.640221557695779,0.7039905223856764,0.7061830685108308,0.034220619764083554,0.06731840255629838,0.0031773147638887167,0.0005815072636284044,10660.338388962326
1678315398371415132,470,1677825036850271940,camera_1,473,0,0.1169036406057625,-0.3366834139090932,2.6401195688463637,0.7040764260917174,0.7062898151861889,0.03357727429545255,0.06560220908674781,0.003790871356613934,0.0006934335152297804,10666.290030634727
1678315398378126466,471,1677825036856925725,camera_1,474,0,0.11692937777596703,-0.3366525486586093,2.6396137846070844,0.7038623686430955,0.7062603005110626,0.03511639799889044,0.06738688686783435,0.003113968763500452,0.0005696311811101373,10663.924145067576
1678315398384522888,472,1677825036863016128,camera_1,475,0,0.11691249573079959,-0.33661517966594545,2.639255713039698,0.7039410545827314,0.7061988177795311,0.03418719289404872,0.0676864630614544,0.003134429920464754,0.000573268642033718,10667.182686046235
1678315398391880527,473,1677825036870259761,camera_1,476,0,0.11693256384467872,-0.33675991143630735,2.640068745864959,0.7038708671914715,0.7063255587761655,0.03745732893262557,0.06532194001938874,0.0009540777537040412,0.00017451207391017758,10662.369379779557
1678315398398051085,474,1677825036876899480,camera_1,477,0,0.11692751009421111,-0.3367654641569684,2.6403891487337128,0.7040014189763611,0.7061933865147394,0.033839841983952026,0.06728869159535637,0.003144476213492453,0.0005755753355376712,10659.493625205476
1678315398405192986,475,1677825036883581876,camera_1,478,0,0.11695196900094032,-0.3368859747366555,2.6414213836355924,0.7039913486026097,0.7063289438826204,0.032253565144834274,0.06674812103564567,0.0009176514577120543,0.00016807602647942195,10654.420266560275
1678315398411699477,476,1677825036890329360,camera_1,479,0,0.116844988718794,-0.33663549794889497,2.6396637702781263,0.7039037455485259,0.7062360872952714,0.03428035536285967,0.06763847456010591,0.004411906702443957,0.0008071632351361522,10663.95581099065
1678315398418756731,477,1677825036896944999,camera_1,480,0,0.11693219051117419,-0.3367846521883405,2.6407117902240036,0.7040300749408785,0.7063973505840686,0.031897457088212795,0.0657798517621838,0.0026259995647706096,0.00048059887140495654,10662.986065399837
1678315398424528011,478,1677825036903576374,camera_1,481,0,0.11684987597967257,-0.3365145429269301,2.6383311397653393,0.7036813391272995,0.7060771325128422,0.037293376503599346,0.06997756765859825,0.004817068693228066,0.0008809172542736424,10664.611974361007
1678315398431377070,479,1677825036910258769,camera_1,482,0,0.11701015844078871,-0.3368264822160135,2.6409507816750746,0.7041965115564255,0.706380253251628,0.031017475855279298,0.06459200507411232,0.0020378880435600877,0.00037293303202471707,10664.935816736424
1678315398437265262,480,1677825036916317701,camera_1,483,0,0.11699097621166298,-0.33670286233028346,2.6397973896939586,0.7039128631799779,0.7062541297727339,0.03670178494592502,0.06606636217097982,0.003943892021197826,0.0007213383862471642,10663.720124852502
1678315398446874772,481,1677825036923572301,camera_1,484,0,0.11695953198147074,-0.3367072619221628,2.6399710135727417,0.7040526516157676,0.7062111428922235,0.03431186365977088,0.06632029417802211,0.0008788542472757397,0.00016077932409809848,10664.74376975512
1678315398451444234,482,1677825036930293321,camera_1,485,0,0.11691654916552086,-0.33663259959150693,2.639315912997685,0.7038722048083838,0.7061675739460506,0.03654472637235426,0.06749636864086622,0.006110455491580069,0.0011175225175307712,10664.191699580173
1678315398458177777,483,1677825036936959505,camera_1,486,0,0.11691188649305775,-0.336743677971223,2.640570887122808,0.7040942172562803,0.7063248217555695,0.03108439894604537,0.0662596373397268,0.00577037053881213,0.0010560068465581601,10663.8358972366
1678315398463787654,484,1677825036943216562,camera_1,487,0,0.11688242065053697,-0.33672677817703855,2.6403396376208543,0.7037332970029918,0.7063808957097106,0.035626589573235085,0.0672028495007918,0.004461917502339929,0.0008166150263793514,10657.937791558448
1678315398471131744,485,1677825036949720621,camera_1,488,0,0.11687414718394028,-0.3367790594595344,2.640728315269891,0.7037937350959851,0.7063793118432317,0.03373281418176468,0.06756288542464266,0.0038476529880426824,0.000704478043901088,10656.229185269794
1678315398479635607,486,1677825036957004308,camera_1,489,0,0.11694563221182673,-0.33682233760469704,2.6410450912674914,0.7041237732255972,0.7062500720050208,0.035623078259204966,0.06443247680160553,0.0051613469258882105,0.0009444845673946274,10659.171145956854
1678315398485328874,487,1677825036963708162,camera_1,490,0,0.1169269399338691,-0.33666927086181875,2.639643814038503,0.7039367551462933,0.7061819377342375,0.0350192490760215,0.06748161057782097,0.006725434272084385,0.0012302603161781004,10663.549684782976
1678315398491706719,488,1677825036970366477,camera_1,491,0,0.11698044987330455,-0.3367993089969348,2.640617341673811,0.7040944058107556,0.7062267471830773,0.033689799905282244,0.06602913486901653,0.002411573543213308,0.00044134748206079273,10661.011890819875
1678315398497462004,489,1677825036976381778,camera_1,492,0,0.11697082825411695,-0.33668281275481315,2.639665524097535,0.7040206104440435,0.706187128675082,0.03545194634626756,0.06631650521477266,0.005127850279677659,0.0009377765396689541,10665.77686838515
1678315398505024276,490,1677825036983211040,camera_1,493,0,0.11696492482450574,-0.33677415050127485,2.6404039450728174,0.703890964387584,0.7063833727004312,0.03442973031323574,0.06614102128360767,0.00313449400709942,0.0005735859830956862,10661.558366785057
1678315398511892332,491,1677825036990387916,camera_1,494,0,0.11692184752807974,-0.3367116872862804,2.639852424401197,0.7038803524941305,0.706280991924858,0.034123891648298814,0.0674919983194492,0.003048532002139836,0.0005578068703931178,10662.93666480947
1678315398518396798,492,1677825036997050046,camera_1,495,0,0.11686385491948492,-0.3366726182400789,2.6399503248127942,0.7038922144430075,0.7063517438353265,0.03309977164790078,0.06713694619335407,0.0031673535122536123,0.0005795204236374238,10664.341064441596
1678315398526129201,493,1677825037003714561,camera_1,496,0,0.11684880161466356,-0.336648649861098,2.639874621809699,0.7039452310562273,0.7061490885605562,0.033252849407711824,0.06862087440829166,0.006102452811319381,0.0011169209815926275,10660.948182059687
1678315398532816999,494,1677825037010389566,camera_1,497,0,0.11692109735607358,-0.3367953197754772,2.640668708508503,0.7039435580169751,0.7063283055207855,0.03401571602489,0.06638315305747092,0.0048597645363770425,0.0008894340577945768,10659.33855517942
1678315398537494225,495,1677825037016378402,camera_1,498,0,0.11697551376122885,-0.33677310156585843,2.6406942690541966,0.7039607455893665,0.7064190837955947,0.0329557684099198,0.06576673967263083,0.00371594657190144,0.0006800905530161641,10661.954166138545
1678315398544305989,496,1677825037023102760,camera_1,499,0,0.11692673213179913,-0.33665134708585176,2.6394475803292683,0.7039797529214834,0.7060680416450548,0.036782456625015086,0.06728654344483184,0.005004272854421288,0.00091533202303243,10663.354339867721
1678315398552489144,497,1677825037030390262,camera_1,500,0,0.1169970299374921,-0.3367817001026004,2.6403566652330483,0.7040123702987668,0.7062950728855792,0.03627466315611631,0.06479198481893104,0.004702849662862718,0.0008602857453229869,10662.93992372835
1678315398558493132,498,1677825037037028551,camera_1,501,0,0.11692896415733946,-0.33665404467632115,2.6395044380708845,0.7039225900794474,0.7064088039930231,0.033592349510869424,0.06596319330754624,0.004266501520760357,0.0007801594371559622,10670.276723056795
1678315398563952573,499,1677825037042940378,camera_1,502,0,0.11689875053439172,-0.33668743285522806,2.6399662692218206,0.7038966192671359,0.7062179989147528,0.035815658139717335,0.0671038450847497,0.003609050647355616,0.0006603965706835471,10660.945023517706
1678315398570838927,500,1677825037049901723,camera_1,503,0,0.11687529125400306,-0.33661487676740376,2.6392681892993584,0.7038175341962509,0.706115954852249,0.036576716042812304,0.06858046882698522,0.005190386087633669,0.0009494555009164077,10661.733994344715
1678315398578625387,501,1677825037057060956,camera_1,504,0,0.11683044510620534,-0.3366232555454618,2.639728059839652,0.7037977148650639,0.7063140220462061,0.03582751322749648,0.06712427360917561,0.0071525220992043614,0.0013084327936438264,10662.844465225353
1678315398585063784,502,1677825037063696861,camera_1,505,0,0.11685924367890697,-0.33664237607538255,2.639862705939894,0.7040844863486441,0.7061624510514312,0.03074735659505221,0.068221909022087,0.0030203061178326607,0.0005527210083874625,10664.895019749527
1678315398592034715,503,1677825037070375680,camera_1,506,0,0.11695303656722397,-0.3368648792391825,2.6414514297605702,0.7041324926805888,0.7063200305500515,0.034592647425591844,0.06413108403327972,0.0031955335871316493,0.0005849331363836765,10657.936075530713
1678315398599246107,504,1677825037077024221,camera_1,507,0,0.11696851090986289,-0.33670087813898875,2.6399052924167745,0.7038334450441246,0.7063407888601055,0.035805065448592445,0.06647682993363235,0.005777382350061089,0.0010568768833545783,10663.008903527745
1678315398604119935,505,1677825037083045721,camera_1,508,0,0.11699442088028379,-0.3367957427295332,2.640430894016176,0.7039337572397435,0.7064371674152924,0.03488120587816657,0.06486212599877603,0.004283329064492136,0.0007835285342573016,10663.938216889048
1678315398611011248,506,1677825037090077638,camera_1,509,0,0.1169300728298309,-0.33663861438325965,2.6391925656232296,0.7037892615198372,0.7061977951326462,0.03653348275385406,0.06804891003554178,0.0030241853673942387,0.0005531464687937241,10663.74671362597
1678315398618786394,507,1677825037096947669,camera_1,510,0,0.11694266663978313,-0.33678512991848103,2.6407081051788075,0.7040016673314092,0.7064390694527035,0.03529442011214307,0.06387329218336849,0.00516156229423359,0.0009441971827085861,10663.657677275944
1678315398625560095,508,1677825037102999925,camera_1,511,0,0.11689553042798838,-0.3366511796037184,2.6396705935248925,0.7039446996746498,0.7062004970090333,0.034769114174755145,0.06733369530676545,0.0034151605213992298,0.0006247807279212032,10664.056926563033
1678315398631708793,509,1677825037110302209,camera_1,512,0,0.11688984378093428,-0.3366730857466315,2.6399265576822617,0.7039680493576157,0.7061390852172146,0.03527106964268147,0.06747243480481616,0.0029798512114211917,0.000545238976496407,10661.017868020459
1678315398639155478,510,1677825037116950750,camera_1,513,0,0.11696352934286716,-0.33683688411900803,2.6410687671943487,0.7041294977110044,0.7063398108341212,0.03145334197705242,0.06554700117122786,0.0035698936553671956,0.0006534690491380403,10661.170747867558
1678315398645457546,511,1677825037123640537,camera_1,514,0,0.11686806827614184,-0.3365481277373782,2.6387595142264515,0.7038598167022829,0.7061865464083662,0.03546994927476127,0.06799854999997422,0.004286148468963802,0.0007837110635786959,10668.795007834444
1678315398651369275,512,1677825037130305051,camera_1,515,0,0.1169369387726164,-0.3367102503988304,2.6399200276875816,0.7041182347695968,0.7060796165442976,0.03526644471743555,0.06652341274015382,0.004290460899937898,0.000784891564255917,10663.455762456866
1678315398657588441,513,1677825037136338233,camera_1,516,0,0.1169249526964929,-0.33669757154161256,2.639992547573624,0.7038853356733495,0.7062950678152782,0.03244244402384723,0.06811900784353211,0.004317541723139584,0.0007901832719572224,10662.194723215653
1678315398664828748,514,1677825037143619060,camera_1,517,0,0.1169780642419651,-0.33685827909265387,2.6412483003714398,0.7040724926529178,0.7061499236168118,0.03430928328568268,0.06676139263002716,0.0017017726204358041,0.00031164216972972945,10653.355806600302
1678315398672144692,515,1677825037150319099,camera_1,518,0,0.11688282633909355,-0.3366279501857157,2.6394434233251864,0.7039179501703496,0.7061474888133068,0.03533364997839119,0.06787323957082445,0.005889044259674847,0.001077225663435303,10663.782509212848
1678315398678775080,516,1677825037156540632,camera_1,519,0,0.1169793881712602,-0.3369393051077521,2.6420111229592242,0.7042963276262162,0.706367274595258,0.031024236762361428,0.0636353125741195,0.0021218075999058783,0.0003885228574849375,10658.745950618293
1678315398684388799,517,1677825037162970304,camera_1,520,0,0.11685360705667079,-0.33647449917143146,2.6382348658910333,0.7037568476985153,0.7061737515620042,0.034850703603330674,0.06950079410083164,0.005773237848188728,0.0010555643738532452,10669.86207759008
1678315398691329140,518,1677825037170233011,camera_1,521,0,0.11700036953028496,-0.3367534992873262,2.6403665989414056,0.7042912758819816,0.7061513336099512,0.03341801832093743,0.06486392532771668,0.003594914509449154,0.0006575819244759504,10666.256010926794
1678315398698593123,519,1677825037176970005,camera_1,522,0,0.11692217659225874,-0.3366772652652199,2.6396172742901207,0.7039301469965322,0.7061538214013083,0.03553751563013116,0.06757376452890651,0.004447334795258939,0.0008135540198098906,10662.85991001234
1678315398704897146,520,1677825037183577299,camera_1,523,0,0.11690470020599894,-0.33665293353015824,2.639418486029619,0.7039413992628087,0.7060580019601023,0.03565195892152185,0.06839255878445706,0.0031058191671036184,0.0005682126857233475,10662.1941673531
1678315398711941829,521,1677825037190267086,camera_1,524,0,0.11685910358836889,-0.33661020703636646,2.6394600590901085,0.7040487993870835,0.7061252230690678,0.03410723773177198,0.06737324217798941,0.004967198066879064,0.0009085068915518648,10666.482361083847
1678315398717323048,522,1677825037196315765,camera_1,525,0,0.11683756733369674,-0.33655932305618586,2.6389644044832856,0.7038148232324359,0.7059225710640488,0.03593481929537873,0.07089927378208197,0.005418165645096451,0.000991518333822533,10658.850712504936
1678315398725100708,523,1677825037203408479,camera_1,526,0,0.1169414219335475,-0.3367420062479313,2.6402458616929994,0.703938061140202,0.7061699432765474,0.03615133907458015,0.0669947607957983,0.00553143722936511,0.0010122147328280762,10658.50700692262
1678315398732367135,524,1677825037210301876,camera_1,527,0,0.11697382707108495,-0.33682100853818314,2.640783039026402,0.703902280187262,0.7062464867081152,0.03481505909551496,0.0672710310593883,0.0036625830107368525,0.0006706122030139353,10655.163230807873
1678315398738119907,525,1677825037216938257,camera_1,528,0,0.11705381438845114,-0.33693253252457717,2.6416786967610313,0.7040688677609883,0.7064468237400915,0.03424239467070753,0.06361896796169875,0.004029496049042791,0.0007375857541956581,10657.714217071536
1678315398743862900,526,1677825037222970724,camera_1,529,0,0.1169358405162796,-0.33666629375086804,2.6395941505984375,0.7039925058849018,0.7062128093775386,0.03436876822182599,0.06690894783132983,0.004380075610242784,0.0008011578144104897,10666.21999462054
1678315398751480765,527,1677825037229860782,camera_1,530,0,0.11698163217215116,-0.33679822560811984,2.6407779558085758,0.703979598332714,0.7063337114520309,0.03268326302679369,0.06661244264873784,0.003961858514230698,0.0007252883197470563,10659.452689307513
1678315398758438008,528,1677825037237012147,camera_1,531,0,0.11686020898351461,-0.3365822377854433,2.6389758460538983,0.7037588429204361,0.7062992515033055,0.03317231629952899,0.06902503725810916,0.004724175843875855,0.0008641191551143238,10667.166941995612
1678315398765404469,529,1677825037243778228,camera_1,532,0,0.116939066835901,-0.33684190649009826,2.6410699823749977,0.7041659921200027,0.7061224003258811,0.03308482094934467,0.06668437539947518,0.004140096250921488,0.0007580216485389553,10656.452984682757
