image_width: 640
image_height: 480
camera_name: sony_cam3
camera_matrix:
  rows: 3
  cols: 3
  data: [4312.322845493219, 0, 235.8865585381908, 0, 5694.104078677701, 557.5896224047329, 0, 0, 1]
distortion_model: plumb_bob
distortion_coefficients:
  rows: 1
  cols: 5
  data: [-1.019144449890222, -2.841932317450119, -0.05440304284988527, 0.01123865538179426, 0]
rectification_matrix:
  rows: 3
  cols: 3
  data: [1, 0, 0, 0, 1, 0, 0, 0, 1]
projection_matrix:
  rows: 3
  cols: 4
  data: [4293.43359375, 0, 235.4581455369625, 0, 0, 5721.41796875, 556.8019475902547, 0, 0, 0, 1, 0]