image_width: 640
image_height: 480
camera_name: sony_cam3
camera_matrix:
  rows: 3
  cols: 3
  data: [2444.130189166719, 0, 155.0007907088869, 0, 3245.847663973928, 213.4310061410754, 0, 0, 1]
distortion_model: plumb_bob
distortion_coefficients:
  rows: 1
  cols: 5
  data: [-0.1627200823405946, -1.92080787090258, 0.002618296773764835, -0.01347369945964278, 0]
rectification_matrix:
  rows: 3
  cols: 3
  data: [1, 0, 0, 0, 1, 0, 0, 0, 1]
projection_matrix:
  rows: 3
  cols: 4
  data: [2408.28955078125, 0, 152.3541661863237, 0, 0, 3239.3359375, 213.1008674178156, 0, 0, 0, 1, 0]