image_width: 640
image_height: 480
camera_name: sony_cam1
camera_matrix:
  rows: 3
  cols: 3
  data: [2432.982716427387, 0, 261.0828551133454, 0, 3244.142387854753, 139.2010988673587, 0, 0, 1]
distortion_model: plumb_bob
distortion_coefficients:
  rows: 1
  cols: 5
  data: [-0.3881857070494239, 2.821713613083832, -0.006160506609496001, -0.005633366599022724, 0]
rectification_matrix:
  rows: 3
  cols: 3
  data: [1, 0, 0, 0, 1, 0, 0, 0, 1]
projection_matrix:
  rows: 3
  cols: 4
  data: [2412.032958984375, 0, 259.3934664194276, 0, 0, 3224.031982421875, 138.314958767528, 0, 0, 0, 1, 0]