image_width: 640
image_height: 480
camera_name: sony_cam2
camera_matrix:
  rows: 3
  cols: 3
  data: [1995.987728066226, 0, 284.064331398248, 0, 2645.252917293213, 271.0635662665604, 0, 0, 1]
distortion_model: plumb_bob
distortion_coefficients:
  rows: 1
  cols: 5
  data: [-1.555413050914124, 62.66771792213499, -0.009965302185380182, 0.00430011822915176, 0]
rectification_matrix:
  rows: 3
  cols: 3
  data: [1, 0, 0, 0, 1, 0, 0, 0, 1]
projection_matrix:
  rows: 3
  cols: 4
  data: [2044.848388671875, 0, 288.1924826366376, 0, 0, 2726.8544921875, 268.0493361580011, 0, 0, 0, 1, 0]