image_width: 640
image_height: 480
camera_name: sony_cam3
camera_matrix:
  rows: 3
  cols: 3
  data: [2056.219456185025, 0, 300.5004706865931, 0, 2733.361073107829, 260.4372544847729, 0, 0, 1]
distortion_model: plumb_bob
distortion_coefficients:
  rows: 1
  cols: 5
  data: [-0.3670711392375833, -1.190874352613436, -0.002180297780288012, -0.006193846205337183, 0]
rectification_matrix:
  rows: 3
  cols: 3
  data: [1, 0, 0, 0, 1, 0, 0, 0, 1]
projection_matrix:
  rows: 3
  cols: 4
  data: [2031.810180664062, 0, 298.6485751305117, 0, 0, 2719.871826171875, 259.8741291099122, 0, 0, 0, 1, 0]