image_width: 640
image_height: 480
camera_name: sony_cam1
camera_matrix:
  rows: 3
  cols: 3
  data: [1856.081711323088, 0, 364.5019156909723, 0, 2477.899284090009, 255.6479900398421, 0, 0, 1]
distortion_model: plumb_bob
distortion_coefficients:
  rows: 1
  cols: 5
  data: [-0.2142075632757188, -2.478279137458967, 0.0004380038583243816, -0.005401579227649022, 0]
rectification_matrix:
  rows: 3
  cols: 3
  data: [1, 0, 0, 0, 1, 0, 0, 0, 1]
projection_matrix:
  rows: 3
  cols: 4
  data: [1836.861206054688, 0, 364.0198840236408, 0, 0, 2467.339599609375, 255.224553446471, 0, 0, 0, 1, 0]