image_width: 640
image_height: 480
camera_name: sony_cam2
camera_matrix:
  rows: 3
  cols: 3
  data: [1644.744216575541, 0, 275.7126007289222, 0, 2192.802817805364, 308.2547912477357, 0, 0, 1]
distortion_model: plumb_bob
distortion_coefficients:
  rows: 1
  cols: 5
  data: [-0.6500306249813594, 12.86881038080754, -0.002328009983922198, -0.006040779021399737, 0]
rectification_matrix:
  rows: 3
  cols: 3
  data: [1, 0, 0, 0, 1, 0, 0, 0, 1]
projection_matrix:
  rows: 3
  cols: 4
  data: [1653.963256835938, 0, 276.5284589639887, 0, 0, 2206.28076171875, 305.9801250851015, 0, 0, 0, 1, 0]