image_width: 640
image_height: 480
camera_name: sony_cam1
camera_matrix:
  rows: 3
  cols: 3
  data: [3040.575568210804, 0, 332.3075751052534, 0, 4058.126028167285, 266.7794506983155, 0, 0, 1]
distortion_model: plumb_bob
distortion_coefficients:
  rows: 1
  cols: 5
  data: [-1.861498049308303, 171.4453119652798, -0.003242730880978804, -0.01193824053238075, 0]
rectification_matrix:
  rows: 3
  cols: 3
  data: [1, 0, 0, 0, 1, 0, 0, 0, 1]
projection_matrix:
  rows: 3
  cols: 4
  data: [3071.123779296875, 0, 329.7762272705622, 0, 0, 4105.4560546875, 265.4208809790216, 0, 0, 0, 1, 0]