image_width: 640
image_height: 480
camera_name: sony_cam3
camera_matrix:
  rows: 3
  cols: 3
  data: [1658.859891349368, 0, 306.3044589820378, 0, 2216.583039952341, 291.9551954946199, 0, 0, 1]
distortion_model: plumb_bob
distortion_coefficients:
  rows: 1
  cols: 5
  data: [-0.7817371113734174, 22.7810681486202, -0.00507789913563616, -0.0008318746110121592, 0]
rectification_matrix:
  rows: 3
  cols: 3
  data: [1, 0, 0, 0, 1, 0, 0, 0, 1]
projection_matrix:
  rows: 3
  cols: 4
  data: [1694.011596679688, 0, 306.9774896124782, 0, 0, 2258.276611328125, 289.1363460371249, 0, 0, 0, 1, 0]