image_width: 640
image_height: 480
camera_name: sony_cam3
camera_matrix:
  rows: 3
  cols: 3
  data: [1742.309323196782, 0, 329.7798928263601, 0, 2326.599063117255, 274.4604453168888, 0, 0, 1]
distortion_model: plumb_bob
distortion_coefficients:
  rows: 1
  cols: 5
  data: [-0.4543414429964715, 10.0450114255917, -0.0019036916602099, -0.006802088473536031, 0]
rectification_matrix:
  rows: 3
  cols: 3
  data: [1, 0, 0, 0, 1, 0, 0, 0, 1]
projection_matrix:
  rows: 3
  cols: 4
  data: [1742.646484375, 0, 327.6502468393301, 0, 0, 2329.8212890625, 273.2787938916517, 0, 0, 0, 1, 0]