image_width: 640
image_height: 480
camera_name: sony_cam2
camera_matrix:
  rows: 3
  cols: 3
  data: [2443.488014837037, 0, 22.18944651369941, 0, 3250.51807994572, 103.6495732136998, 0, 0, 1]
distortion_model: plumb_bob
distortion_coefficients:
  rows: 1
  cols: 5
  data: [-0.712101893933364, 1.715360331555003, 0.01162047137396439, 0.03060930588883992, 0]
rectification_matrix:
  rows: 3
  cols: 3
  data: [1, 0, 0, 0, 1, 0, 0, 0, 1]
projection_matrix:
  rows: 3
  cols: 4
  data: [2402.87890625, 0, 21.83988624216363, 0, 0, 3233.94384765625, 103.2230932689617, 0, 0, 0, 1, 0]