image_width: 640
image_height: 480
camera_name: sony_cam1
camera_matrix:
  rows: 3
  cols: 3
  data: [3872.349957467307, 0, 437.2405562493241, 0, 5156.939564893129, 185.8050218100309, 0, 0, 1]
distortion_model: plumb_bob
distortion_coefficients:
  rows: 1
  cols: 5
  data: [-0.322139191850156, -18.22215124190895, 0.0006675104308673912, -0.004111516073044105, 0]
rectification_matrix:
  rows: 3
  cols: 3
  data: [1, 0, 0, 0, 1, 0, 0, 0, 1]
projection_matrix:
  rows: 3
  cols: 4
  data: [3848.946533203125, 0, 437.1282310678453, 0, 0, 5141.80126953125, 185.3482748473925, 0, 0, 0, 1, 0]