image_width: 640
image_height: 480
camera_name: sony_cam2
camera_matrix:
  rows: 3
  cols: 3
  data: [4996.848864317178, 0, 318.4112414271457, 0, 6565.107244975247, 241.2582582265584, 0, 0, 1]
distortion_model: plumb_bob
distortion_coefficients:
  rows: 1
  cols: 5
  data: [2.566683663847168, -816.5009725492054, 0.01953628810083476, 0.0160163683299857, 0]
rectification_matrix:
  rows: 3
  cols: 3
  data: [1, 0, 0, 0, 1, 0, 0, 0, 1]
projection_matrix:
  rows: 3
  cols: 4
  data: [4972.59716796875, 0, 318.8881032166682, 0, 0, 6569.2646484375, 241.3523933678043, 0, 0, 0, 1, 0]