image_width: 640
image_height: 480
camera_name: sony_cam1
camera_matrix:
  rows: 3
  cols: 3
  data: [1884.540175541433, 0, 293.161238153348, 0, 2514.660388738938, 262.2614604396173, 0, 0, 1]
distortion_model: plumb_bob
distortion_coefficients:
  rows: 1
  cols: 5
  data: [-0.8481940987984837, 38.72359837312999, -0.0003678207767386386, -0.01195721712163847, 0]
rectification_matrix:
  rows: 3
  cols: 3
  data: [1, 0, 0, 0, 1, 0, 0, 0, 1]
projection_matrix:
  rows: 3
  cols: 4
  data: [1927.408813476562, 0, 293.4687986841109, 0, 0, 2575.94921875, 260.9299363004684, 0, 0, 0, 1, 0]