image_width: 640
image_height: 480
camera_name: sony_cam3
camera_matrix:
  rows: 3
  cols: 3
  data: [2788.23693107208, 0, 97.24643114771486, 0, 3681.228869323003, 481.0653854757456, 0, 0, 1]
distortion_model: plumb_bob
distortion_coefficients:
  rows: 1
  cols: 5
  data: [-0.08285014905279346, -1.801848694412965, 0.006866398486865053, -0.02022405683698059, 0]
rectification_matrix:
  rows: 3
  cols: 3
  data: [1, 0, 0, 0, 1, 0, 0, 0, 1]
projection_matrix:
  rows: 3
  cols: 4
  data: [2744.43798828125, 0, 94.9385914669765, 0, 0, 3668.468994140625, 481.0809234123808, 0, 0, 0, 1, 0]