image_width: 640
image_height: 480
camera_name: sony_cam2
camera_matrix:
  rows: 3
  cols: 3
  data: [1675.544568340041, 0, 272.6021936470244, 0, 2241.989465117967, 313.9671323095985, 0, 0, 1]
distortion_model: plumb_bob
distortion_coefficients:
  rows: 1
  cols: 5
  data: [-0.6269446461437687, 14.23275322517719, -0.0009232890044763362, -0.003387289272938206, 0]
rectification_matrix:
  rows: 3
  cols: 3
  data: [1, 0, 0, 0, 1, 0, 0, 0, 1]
projection_matrix:
  rows: 3
  cols: 4
  data: [1692.153076171875, 0, 274.3585334285781, 0, 0, 2268.5615234375, 311.7610685858817, 0, 0, 0, 1, 0]