image_width: 640
image_height: 480
camera_name: sony_cam1
camera_matrix:
  rows: 3
  cols: 3
  data: [1778.240475571925, 0, 363.5808823122124, 0, 2369.282236456274, 213.3271148109747, 0, 0, 1]
distortion_model: plumb_bob
distortion_coefficients:
  rows: 1
  cols: 5
  data: [0.218335297959396, -29.44788993945872, 0.008373026359104798, -0.003100502965926452, 0]
rectification_matrix:
  rows: 3
  cols: 3
  data: [1, 0, 0, 0, 1, 0, 0, 0, 1]
projection_matrix:
  rows: 3
  cols: 4
  data: [1711.93212890625, 0, 369.0504483510449, 0, 0, 2362.67626953125, 213.2687123608121, 0, 0, 0, 1, 0]