image_width: 640
image_height: 480
camera_name: sony_cam1
camera_matrix:
  rows: 3
  cols: 3
  data: [2021.327584716509, 0, 262.9473153425633, 0, 2694.83164646297, 162.2315979544623, 0, 0, 1]
distortion_model: plumb_bob
distortion_coefficients:
  rows: 1
  cols: 5
  data: [-0.3960586489551494, 0.3968310584314741, -0.003917123619806008, -0.003578587334332779, 0]
rectification_matrix:
  rows: 3
  cols: 3
  data: [1, 0, 0, 0, 1, 0, 0, 0, 1]
projection_matrix:
  rows: 3
  cols: 4
  data: [1995.09765625, 0, 260.8963297420996, 0, 0, 2676.3359375, 161.2286197757348, 0, 0, 0, 1, 0]