image_width: 640
image_height: 480
camera_name: sony_cam1
camera_matrix:
  rows: 3
  cols: 3
  data: [1119.745198710356, 0, 176.2464204623668, 0, 1502.404033776392, 356.2020285355487, 0, 0, 1]
distortion_model: plumb_bob
distortion_coefficients:
  rows: 1
  cols: 5
  data: [-0.3282863971785302, 0.09826740792794596, -0.006537064979187674, -0.02323717052283855, 0]
rectification_matrix:
  rows: 3
  cols: 3
  data: [1, 0, 0, 0, 1, 0, 0, 0, 1]
projection_matrix:
  rows: 3
  cols: 4
  data: [1038.431640625, 0, 162.9329919228039, 0, 0, 1484.781616210938, 356.3039716093699, 0, 0, 0, 1, 0]