image_width: 640
image_height: 480
camera_name: sony_cam1
camera_matrix:
  rows: 3
  cols: 3
  data: [9654.388079248833, 0, 312.9741426282972, 0, 11946.63810671373, 241.0273210334396, 0, 0, 1]
distortion_model: plumb_bob
distortion_coefficients:
  rows: 1
  cols: 5
  data: [-14.55493868584237, 2642.382283329343, 0.178694076467807, -0.1198623082112145, 0]
rectification_matrix:
  rows: 3
  cols: 3
  data: [1, 0, 0, 0, 1, 0, 0, 0, 1]
projection_matrix:
  rows: 3
  cols: 4
  data: [9545.0322265625, 0, 307.9834438982471, 0, 0, 11896.533203125, 243.9261361127137, 0, 0, 0, 1, 0]