image_width: 640
image_height: 480
camera_name: sony_cam2
camera_matrix:
  rows: 3
  cols: 3
  data: [2148.006480456863, 0, 339.9477794375226, 0, 2855.661710518872, 141.2075831057788, 0, 0, 1]
distortion_model: plumb_bob
distortion_coefficients:
  rows: 1
  cols: 5
  data: [-0.2412447223946927, -0.9334711637123373, -0.00558238036252916, -0.002940667831434742, 0]
rectification_matrix:
  rows: 3
  cols: 3
  data: [1, 0, 0, 0, 1, 0, 0, 0, 1]
projection_matrix:
  rows: 3
  cols: 4
  data: [2132.39208984375, 0, 339.2412670233316, 0, 0, 2838.672607421875, 140.328788769365, 0, 0, 0, 1, 0]