image_width: 640
image_height: 480
camera_name: sony_cam1
camera_matrix:
  rows: 3
  cols: 3
  data: [2442.58598827047, 0, 359.4013326742182, 0, 3254.869185595711, 255.9539607696071, 0, 0, 1]
distortion_model: plumb_bob
distortion_coefficients:
  rows: 1
  cols: 5
  data: [-0.008003535264273989, -16.87769074009736, -0.00385137247307061, -0.004820543618500793, 0]
rectification_matrix:
  rows: 3
  cols: 3
  data: [1, 0, 0, 0, 1, 0, 0, 0, 1]
projection_matrix:
  rows: 3
  cols: 4
  data: [2425.309814453125, 0, 359.0573488567061, 0, 0, 3246.952880859375, 255.2485155831437, 0, 0, 0, 1, 0]