image_width: 640
image_height: 480
camera_name: sony_cam3
camera_matrix:
  rows: 3
  cols: 3
  data: [1709.376509995257, 0, 331.1526456588763, 0, 2282.691166834869, 322.3400599637851, 0, 0, 1]
distortion_model: plumb_bob
distortion_coefficients:
  rows: 1
  cols: 5
  data: [-0.2860176416147951, -0.5076531390814505, -0.003880284934413607, 0.0004518304658031888, 0]
rectification_matrix:
  rows: 3
  cols: 3
  data: [1, 0, 0, 0, 1, 0, 0, 0, 1]
projection_matrix:
  rows: 3
  cols: 4
  data: [1688.070068359375, 0, 330.9860619767278, 0, 0, 2269.664306640625, 321.8928189492362, 0, 0, 0, 1, 0]