image_width: 640
image_height: 480
camera_name: sony_cam2
camera_matrix:
  rows: 3
  cols: 3
  data: [1509.291679738989, 0, 327.9871324942123, 0, 2014.378418658086, 281.0397500408645, 0, 0, 1]
distortion_model: plumb_bob
distortion_coefficients:
  rows: 1
  cols: 5
  data: [-0.2546720681414695, -0.002511036749357464, 0.001456411150355757, -0.003112883404280175, 0]
rectification_matrix:
  rows: 3
  cols: 3
  data: [1, 0, 0, 0, 1, 0, 0, 0, 1]
projection_matrix:
  rows: 3
  cols: 4
  data: [1489.384643554688, 0, 327.0050493774925, 0, 0, 2001.885864257812, 280.8702062345001, 0, 0, 0, 1, 0]