image_width: 640
image_height: 480
camera_name: sony_cam3
camera_matrix:
  rows: 3
  cols: 3
  data: [2720.609662338085, 0, 360.7485599899251, 0, 3630.774534342307, 200.4451665316975, 0, 0, 1]
distortion_model: plumb_bob
distortion_coefficients:
  rows: 1
  cols: 5
  data: [-0.4800561533359558, -0.662657678399233, -0.006816557320728088, -0.0114364010406485, 0]
rectification_matrix:
  rows: 3
  cols: 3
  data: [1, 0, 0, 0, 1, 0, 0, 0, 1]
projection_matrix:
  rows: 3
  cols: 4
  data: [2699.805419921875, 0, 359.4467368334263, 0, 0, 3614.1435546875, 199.5345832045714, 0, 0, 0, 1, 0]