image_width: 640
image_height: 480
camera_name: sony_cam3
camera_matrix:
  rows: 3
  cols: 3
  data: [1808.915033691618, 0, 339.6470188569081, 0, 2417.821450485989, 379.8204647643913, 0, 0, 1]
distortion_model: plumb_bob
distortion_coefficients:
  rows: 1
  cols: 5
  data: [-0.2172311034213975, -0.2984387385551566, 0.005843959088542558, -0.004288525673776315, 0]
rectification_matrix:
  rows: 3
  cols: 3
  data: [1, 0, 0, 0, 1, 0, 0, 0, 1]
projection_matrix:
  rows: 3
  cols: 4
  data: [1793.672607421875, 0, 338.6681463868263, 0, 0, 2397.09619140625, 379.7375758734051, 0, 0, 0, 1, 0]