image_width: 640
image_height: 480
camera_name: sony_cam1
camera_matrix:
  rows: 3
  cols: 3
  data: [1630.13610400973, 0, 370.1193503364226, 0, 2177.981071400609, 342.181492080223, 0, 0, 1]
distortion_model: plumb_bob
distortion_coefficients:
  rows: 1
  cols: 5
  data: [-0.3384721611592667, 1.366203613304102, -0.001897793092743414, -0.003341324767291804, 0]
rectification_matrix:
  rows: 3
  cols: 3
  data: [1, 0, 0, 0, 1, 0, 0, 0, 1]
projection_matrix:
  rows: 3
  cols: 4
  data: [1609.58984375, 0, 369.7997527386178, 0, 0, 2161.829833984375, 341.9526022654281, 0, 0, 0, 1, 0]