image_width: 640
image_height: 480
camera_name: sony_cam1
camera_matrix:
  rows: 3
  cols: 3
  data: [5527.000842745341, 0, 529.1651305087063, 0, 7407.88115892738, 251.247884585215, 0, 0, 1]
distortion_model: plumb_bob
distortion_coefficients:
  rows: 1
  cols: 5
  data: [-1.393987716555962, -10.6004140102174, -0.007774458042373244, -0.05555423827948724, 0]
rectification_matrix:
  rows: 3
  cols: 3
  data: [1, 0, 0, 0, 1, 0, 0, 0, 1]
projection_matrix:
  rows: 3
  cols: 4
  data: [5525.43798828125, 0, 527.7617446704062, 0, 0, 7397.95654296875, 250.4948763369703, 0, 0, 0, 1, 0]