image_width: 640
image_height: 480
camera_name: sony_cam2
camera_matrix:
  rows: 3
  cols: 3
  data: [1943.451830986724, 0, 347.9974327853262, 0, 2598.523018636131, 225.971254653784, 0, 0, 1]
distortion_model: plumb_bob
distortion_coefficients:
  rows: 1
  cols: 5
  data: [-0.49601706008476, 12.80470176267126, -0.002459611728457783, -0.007840678788573276, 0]
rectification_matrix:
  rows: 3
  cols: 3
  data: [1, 0, 0, 0, 1, 0, 0, 0, 1]
projection_matrix:
  rows: 3
  cols: 4
  data: [1940.119262695312, 0, 345.5207082384768, 0, 0, 2602.24658203125, 225.2634826573121, 0, 0, 0, 1, 0]