image_width: 640
image_height: 480
camera_name: sony_cam3
camera_matrix:
  rows: 3
  cols: 3
  data: [7713.711283116453, 0, 316.8829295370063, 0, 10105.93969534119, 240.2182863212345, 0, 0, 1]
distortion_model: plumb_bob
distortion_coefficients:
  rows: 1
  cols: 5
  data: [-2.278256392052032, -575.7485001072261, 0.09159607089908273, -0.05859072565935101, 0]
rectification_matrix:
  rows: 3
  cols: 3
  data: [1, 0, 0, 0, 1, 0, 0, 0, 1]
projection_matrix:
  rows: 3
  cols: 4
  data: [7671.04833984375, 0, 313.7607899340292, 0, 0, 10095.455078125, 241.803856286424, 0, 0, 0, 1, 0]